           2   1.01999998       9.99999978E-03
           3   1.04039216       1.99999996E-02
           4   1.06116891       2.99999993E-02
           5   1.08232307       3.99999991E-02
           6   1.10384762       4.99999970E-02
           7   1.12573576       5.99999987E-02
           8   1.14798105       7.00000003E-02
           9   1.17057717       7.99999982E-02
          10   1.19351816       8.99999961E-02
          11   1.21679819       9.99999940E-02
          12   1.24041152      0.109999999    
          13   1.26435268      0.119999997    
          14   1.28861642      0.129999995    
          15   1.31319761      0.140000001    
          16   1.33809137      0.149999991    
          17   1.36329281      0.159999996    
          18   1.38879728      0.170000002    
          19   1.41460025      0.179999992    
          20   1.44069731      0.189999998    
          21   1.46708417      0.199999988    
          22   1.49375677      0.209999993    
          23   1.52071106      0.219999999    
          24   1.54794312      0.229999989    
          25   1.57544923      0.239999995    
          26   1.60322559      0.250000000    
          27   1.63126862      0.259999990    
          28   1.65957475      0.269999981    
          29   1.68814063      0.280000001    
          30   1.71696293      0.289999992    
          31   1.74603844      0.299999982    
          32   1.77536392      0.310000002    
          33   1.80493629      0.319999993    
          34   1.83475256      0.329999983    
          35   1.86480987      0.340000004    
          36   1.89510524      0.349999994    
          37   1.92563593      0.359999985    
          38   1.95639908      0.370000005    
          39   1.98739219      0.379999995    
          40   2.01861262      0.389999986    
          41   2.05005765      0.399999976    
          42   2.08172488      0.409999996    
          43   2.11361194      0.419999987    
          44   2.14571643      0.429999977    
          45   2.17803597      0.439999998    
          46   2.21056819      0.449999988    
          47   2.24331093      0.459999979    
          48   2.27626204      0.469999999    
          49   2.30941939      0.479999989    
          50   2.34278083      0.489999980    
          51   2.37634420      0.500000000    
          52   2.41010761      0.509999990    
          53   2.44406915      0.519999981    
          54   2.47822666      0.529999971    
          55   2.51257849      0.539999962    
          56   2.54712248      0.550000012    
          57   2.58185697      0.560000002    
          58   2.61678004      0.569999993    
          59   2.65189004      0.579999983    
          60   2.68718529      0.589999974    
          61   2.72266412      0.599999964    
          62   2.75832462      0.610000014    
          63   2.79416537      0.620000005    
          64   2.83018470      0.629999995    
          65   2.86638093      0.639999986    
          66   2.90275264      0.649999976    
          67   2.93929839      0.659999967    
          68   2.97601652      0.669999957    
          69   3.01290560      0.680000007    
          70   3.04996419      0.689999998    
          71   3.08719087      0.699999988    
          72   3.12458420      0.709999979    
          73   3.16214275      0.719999969    
          74   3.19986534      0.729999959    
          75   3.23775053      0.740000010    
          76   3.27579689      0.750000000    
          77   3.31400323      0.759999990    
          78   3.35236835      0.769999981    
          79   3.39089084      0.779999971    
          80   3.42956972      0.789999962    
          81   3.46840358      0.799999952    
          82   3.50739121      0.810000002    
          83   3.54653168      0.819999993    
          84   3.58582354      0.829999983    
          85   3.62526584      0.839999974    
          86   3.66485739      0.849999964    
          87   3.70459700      0.859999955    
          88   3.74448371      0.870000005    
          89   3.78451633      0.879999995    
          90   3.82469392      0.889999986    
          91   3.86501551      0.899999976    
          92   3.90547991      0.909999967    
          93   3.94608617      0.919999957    
          94   3.98683333      0.930000007    
          95   4.02772045      0.939999998    
          96   4.06874609      0.949999988    
          97   4.10991001      0.959999979    
          98   4.15121078      0.969999969    
          99   4.19264746      0.979999959    
         100   4.23421955      0.989999950    
         101   4.27592564       1.00000000    
         102   4.31776524       1.00999999    
         103   4.35973740       1.01999998    
         104   4.40184116       1.02999997    
         105   4.44407558       1.03999996    
         106   4.48643970       1.04999995    
         107   4.52893305       1.05999994    
         108   4.57155418       1.06999993    
         109   4.61430311       1.07999992    
         110   4.65717840       1.09000003    
         111   4.70017958       1.10000002    
         112   4.74330568       1.11000001    
         113   4.78655624       1.12000000    
         114   4.82992983       1.13000000    
         115   4.87342644       1.13999999    
         116   4.91704512       1.14999998    
         117   4.96078491       1.15999997    
         118   5.00464487       1.16999996    
         119   5.04862499       1.17999995    
         120   5.09272385       1.18999994    
         121   5.13694096       1.19999993    
         122   5.18127584       1.20999992    
         123   5.22572756       1.22000003    
         124   5.27029562       1.23000002    
         125   5.31497955       1.24000001    
         126   5.35977840       1.25000000    
         127   5.40469122       1.25999999    
         128   5.44971800       1.26999998    
         129   5.49485779       1.27999997    
         130   5.54010963       1.28999996    
         131   5.58547354       1.29999995    
         132   5.63094854       1.30999994    
         133   5.67653370       1.31999993    
         134   5.72222900       1.32999992    
         135   5.76803350       1.33999991    
         136   5.81394672       1.35000002    
         137   5.85996819       1.36000001    
         138   5.90609694       1.37000000    
         139   5.95233297       1.38000000    
         140   5.99867535       1.38999999    
         141   6.04512358       1.39999998    
         142   6.09167671       1.40999997    
         143   6.13833475       1.41999996    
         144   6.18509674       1.42999995    
         145   6.23196268       1.43999994    
         146   6.27893162       1.44999993    
         147   6.32600307       1.45999992    
         148   6.37317657       1.46999991    
         149   6.42045164       1.48000002    
         150   6.46782780       1.49000001    
         151   6.51530409       1.50000000    
         152   6.56288052       1.50999999    
         153   6.61055660       1.51999998    
         154   6.65833187       1.52999997    
         155   6.70620537       1.53999996    
         156   6.75417709       1.54999995    
         157   6.80224609       1.55999994    
         158   6.85041237       1.56999993    
         159   6.89867544       1.57999992    
         160   6.94703436       1.58999991    
         161   6.99548912       1.59999990    
         162   7.04403925       1.61000001    
         163   7.09268379       1.62000000    
         164   7.14142275       1.63000000    
         165   7.19025564       1.63999999    
         166   7.23918200       1.64999998    
         167   7.28820133       1.65999997    
         168   7.33731318       1.66999996    
         169   7.38651752       1.67999995    
         170   7.43581343       1.68999994    
         171   7.48520088       1.69999993    
         172   7.53467894       1.70999992    
         173   7.58424759       1.71999991    
         174   7.63390636       1.73000002    
         175   7.68365479       1.74000001    
         176   7.73349237       1.75000000    
         177   7.78341913       1.75999999    
         178   7.83343410       1.76999998    
         179   7.88353729       1.77999997    
         180   7.93372822       1.78999996    
         181   7.98400640       1.79999995    
         182   8.03437138       1.80999994    
         183   8.08482361       1.81999993    
         184   8.13536167       1.82999992    
         185   8.18598557       1.83999991    
         186   8.23669529       1.84999990    
         187   8.28748989       1.86000001    
         188   8.33836937       1.87000000    
         189   8.38933277       1.88000000    
         190   8.44038010       1.88999999    
         191   8.49151134       1.89999998    
         192   8.54272556       1.90999997    
         193   8.59402275       1.91999996    
         194   8.64540291       1.92999995    
         195   8.69686508       1.93999994    
         196   8.74840927       1.94999993    
         197   8.80003548       1.95999992    
         198   8.85174274       1.96999991    
         199   8.90353107       1.97999990    
         200   8.95540047       1.99000001    
         201   9.00734997       2.00000000    
         202   9.05937958       2.00999999    
         203   9.11148834       2.01999998    
         204   9.16367722       2.02999997    
         205   9.21594429       2.03999996    
         206   9.26829052       2.04999995    
         207   9.32071495       2.05999994    
         208   9.37321758       2.06999993    
         209   9.42579842       2.07999992    
         210   9.47845650       2.08999991    
         211   9.53119183       2.09999990    
         212   9.58400440       2.10999990    
         213   9.63689327       2.11999989    
         214   9.68985844       2.12999988    
         215   9.74289989       2.13999987    
         216   9.79601669       2.14999986    
         217   9.84920883       2.15999985    
         218   9.90247631       2.16999984    
         219   9.95581913       2.18000007    
         220   10.0092363       2.19000006    
         221   10.0627279       2.20000005    
         222   10.1162939       2.21000004    
         223   10.1699333       2.22000003    
         224   10.2236462       2.23000002    
         225   10.2774324       2.24000001    
         226   10.3312922       2.25000000    
         227   10.3852243       2.25999999    
         228   10.4392290       2.26999998    
         229   10.4933052       2.27999997    
         230   10.5474539       2.28999996    
         231   10.6016741       2.29999995    
         232   10.6559658       2.30999994    
         233   10.7103291       2.31999993    
         234   10.7647629       2.32999992    
         235   10.8192673       2.33999991    
         236   10.8738422       2.34999990    
         237   10.9284878       2.35999990    
         238   10.9832029       2.36999989    
         239   11.0379877       2.37999988    
         240   11.0928421       2.38999987    
         241   11.1477652       2.39999986    
         242   11.2027578       2.40999985    
         243   11.2578192       2.41999984    
         244   11.3129482       2.42999983    
         245   11.3681459       2.44000006    
         246   11.4234114       2.45000005    
         247   11.4787445       2.46000004    
         248   11.5341454       2.47000003    
         249   11.5896139       2.48000002    
         250   11.6451492       2.49000001    
         251   11.7007513       2.50000000    
         252   11.7564201       2.50999999    
         253   11.8121557       2.51999998    
         254   11.8679571       2.52999997    
         255   11.9238253       2.53999996    
         256   11.9797592       2.54999995    
         257   12.0357580       2.55999994    
         258   12.0918226       2.56999993    
         259   12.1479521       2.57999992    
         260   12.2041464       2.58999991    
         261   12.2604055       2.59999990    
         262   12.3167295       2.60999990    
         263   12.3731174       2.61999989    
         264   12.4295702       2.62999988    
         265   12.4860868       2.63999987    
         266   12.5426664       2.64999986    
         267   12.5993099       2.65999985    
         268   12.6560163       2.66999984    
         269   12.7127857       2.67999983    
         270   12.7696180       2.69000006    
         271   12.8265133       2.70000005    
         272   12.8834715       2.71000004    
         273   12.9404917       2.72000003    
         274   12.9975739       2.73000002    
         275   13.0547180       2.74000001    
         276   13.1119242       2.75000000    
         277   13.1691914       2.75999999    
         278   13.2265205       2.76999998    
         279   13.2839108       2.77999997    
         280   13.3413620       2.78999996    
         281   13.3988733       2.79999995    
         282   13.4564457       2.80999994    
         283   13.5140781       2.81999993    
         284   13.5717716       2.82999992    
         285   13.6295242       2.83999991    
         286   13.6873369       2.84999990    
         287   13.7452097       2.85999990    
         288   13.8031416       2.86999989    
         289   13.8611336       2.87999988    
         290   13.9191847       2.88999987    
         291   13.9772940       2.89999986    
         292   14.0354624       2.90999985    
         293   14.0936899       2.91999984    
         294   14.1519756       2.92999983    
         295   14.2103195       2.93999982    
         296   14.2687216       2.95000005    
         297   14.3271818       2.96000004    
         298   14.3856993       2.97000003    
         299   14.4442749       2.98000002    
         300   14.5029078       2.99000001    
         301   14.5615978       3.00000000    
         302   14.6203451       3.00999999    
         303   14.6791496       3.01999998    
         304   14.7380104       3.02999997    
         305   14.7969284       3.03999996    
         306   14.8559027       3.04999995    
         307   14.9149332       3.05999994    
         308   14.9740200       3.06999993    
         309   15.0331631       3.07999992    
         310   15.0923615       3.08999991    
         311   15.1516161       3.09999990    
         312   15.2109261       3.10999990    
         313   15.2702913       3.11999989    
         314   15.3297119       3.12999988    
         315   15.3891878       3.13999987    
         316   15.4487190       3.14999986    
         317   15.5083046       3.15999985    
         318   15.5679445       3.16999984    
         319   15.6276388       3.17999983    
         320   15.6873875       3.18999982    
         321   15.7471905       3.19999981    
         322   15.8070478       3.21000004    
         323   15.8669586       3.22000003    
         324   15.9269238       3.23000002    
         325   15.9869423       3.24000001    
         326   16.0470142       3.25000000    
         327   16.1071396       3.25999999    
         328   16.1673183       3.26999998    
         329   16.2275505       3.27999997    
         330   16.2878342       3.28999996    
         331   16.3481712       3.29999995    
         332   16.4085617       3.30999994    
         333   16.4690037       3.31999993    
         334   16.5294991       3.32999992    
         335   16.5900459       3.33999991    
         336   16.6506443       3.34999990    
         337   16.7112961       3.35999990    
         338   16.7719994       3.36999989    
         339   16.8327541       3.37999988    
         340   16.8935604       3.38999987    
         341   16.9544182       3.39999986    
         342   17.0153275       3.40999985    
         343   17.0762882       3.41999984    
         344   17.1372986       3.42999983    
         345   17.1983604       3.43999982    
         346   17.2594738       3.44999981    
         347   17.3206367       3.46000004    
         348   17.3818512       3.47000003    
         349   17.4431152       3.48000002    
         350   17.5044289       3.49000001    
         351   17.5657940       3.50000000    
         352   17.6272087       3.50999999    
         353   17.6886730       3.51999998    
         354   17.7501869       3.52999997    
         355   17.8117504       3.53999996    
         356   17.8733635       3.54999995    
         357   17.9350262       3.55999994    
         358   17.9967384       3.56999993    
         359   18.0585003       3.57999992    
         360   18.1203098       3.58999991    
         361   18.1821690       3.59999990    
         362   18.2440758       3.60999990    
         363   18.3060322       3.61999989    
         364   18.3680363       3.62999988    
         365   18.4300900       3.63999987    
         366   18.4921913       3.64999986    
         367   18.5543404       3.65999985    
         368   18.6165390       3.66999984    
         369   18.6787853       3.67999983    
         370   18.7410793       3.68999982    
         371   18.8034210       3.69999981    
         372   18.8658104       3.70999980    
         373   18.9282475       3.72000003    
         374   18.9907322       3.73000002    
         375   19.0532627       3.74000001    
         376   19.1158409       3.75000000    
         377   19.1784668       3.75999999    
         378   19.2411385       3.76999998    
         379   19.3038578       3.77999997    
         380   19.3666229       3.78999996    
         381   19.4294357       3.79999995    
         382   19.4922943       3.80999994    
         383   19.5552006       3.81999993    
         384   19.6181526       3.82999992    
         385   19.6811504       3.83999991    
         386   19.7441940       3.84999990    
         387   19.8072834       3.85999990    
         388   19.8704185       3.86999989    
         389   19.9335995       3.87999988    
         390   19.9968262       3.88999987    
         391   20.0600986       3.89999986    
         392   20.1234169       3.90999985    
         393   20.1867809       3.91999984    
         394   20.2501907       3.92999983    
         395   20.3136444       3.93999982    
         396   20.3771439       3.94999981    
         397   20.4406872       3.95999980    
         398   20.5042763       3.97000003    
         399   20.5679092       3.98000002    
         400   20.6315880       3.99000001    
         401   20.6953106       4.00000000    
         402   20.7590771       4.00999975    
