     Created from separation_var program

         Parameter: 

 Bi =         74.3
 Fo =          0.5

   Coordinate step:   41
         Time step: 1596

 ------------------------------
   0.0000000000000000        1.2499999906867738E-004   2.4999999813735477E-004   3.7499999720603215E-004   4.9999999627470954E-004   6.2499999534338692E-004   7.4999999441206430E-004   8.7499999348074169E-004   9.9999999254941907E-004   1.1249999916180965E-003   1.2499999906867738E-003   1.3749999897554512E-003   1.4999999888241286E-003   1.6249999878928060E-003   1.7499999869614834E-003   1.8749999860301608E-003   1.9999999850988381E-003   2.1249999841675155E-003   2.2499999832361929E-003   2.3749999823048703E-003   2.4999999813735477E-003   2.6249999804422251E-003   2.7499999795109024E-003   2.8749999785795798E-003   2.9999999776482572E-003   3.1249999767169346E-003   3.2499999757856120E-003   3.3749999748542894E-003   3.4999999739229667E-003   3.6249999729916441E-003   3.7499999720603215E-003   3.8749999711289989E-003   3.9999999701976763E-003   4.1249999692663537E-003   4.2499999683350310E-003   4.3749999674037084E-003   4.4999999664723858E-003   4.6249999655410632E-003   4.7499999646097406E-003   4.8749999636784180E-003   4.9999999627470954E-003
   20.243771233430309        20.243771233430309        20.258070350273783        20.298390671540403        20.344004060879769        20.431340496539192        20.516581393408359        20.664575673691701        20.803812152068900        21.033461363262575        21.247754038312735        21.587804675222088        21.905540712502102        22.392625125058146        22.849903573652739        23.528137081163678        24.168620691839337        25.088380035119116        25.962325103678467        27.177985663925426        28.340209024415842        29.906735839162110        31.413386832567824        33.381848381462561        35.286022635804372        37.698307685469857        40.044752995547370        42.927985865235179        45.747376331052607        49.108700768233327        52.412149013096510        56.234639715248832        60.009229638583328        64.249657285380266        68.455770279095105        73.044775692488955        77.615830549481686        82.460769845494696        87.305709061287629        92.296057609756673        97.304530759263145     
   24.023133622842593        24.023133622842593        24.108793026249089        24.230845076859637        24.489527392893805        24.737453626656375        25.174139596761648        25.555391301765141        26.177948967868005        26.703222336288164        27.521776258366216        28.204441312089514        29.230527887544866        30.085879677531693        31.331427623264986        32.375775822031983        33.851962293675257        35.101584692224804        36.817628096690953        38.287624726158697        40.249583987457875        41.952680541370775        44.162336172922984        46.107696627632691        48.561590214754879        50.753707323711495        53.442411914989812        55.880148883661541        58.787832752399140        61.463688447162234        64.568018745890839        67.467681327458990        70.740093057698289        73.842332742544770        77.248663640062517        80.525594987559472        84.027060414009910        87.444779540808099        90.999235691496409        94.518810261257173        98.082231460851162     
   70.145044842458930        70.145044842458930        70.722275457502874        69.754094169288607        71.471907658857234        69.562090700618953        72.379201565582179        69.580150107822902        73.428905499775482        69.817513855415086        74.605597100165397        70.281252960552067        75.894007401187352        70.976006080032150        77.279320027050773        71.903759131152299        78.747438417250720        73.063672718871786        80.285214944183963        74.451962542980340        81.880636880012219        76.061836722662292        83.522965389862804        77.883492632864431        85.202825039955044        79.904174430881994        86.912242678099602        82.108290998185055        88.644635934647042        84.477592568357608        90.394752968279036        86.991402893845020        92.158566407391504        89.626902457887027        93.933125679902261        92.359456997664523        95.716373050032999        95.162984501770509        97.506929660902912        98.010352907631329        99.303858691337922     
