     Created from separation_var program

         Parameter: 

 Bi =         74.3
 Fo =          0.5

   Coordinate step:  100
         Time step:  100

 ------------------------------
   0.0000000000000000        5.0505049329138164E-005   1.0101009865827633E-004   1.5151514798741449E-004   2.0202019731655266E-004   2.5252524664569082E-004   3.0303029597482899E-004   3.5353534530396715E-004   4.0404039463310532E-004   4.5454544396224348E-004   5.0505049329138164E-004   5.5555554262051981E-004   6.0606059194965797E-004   6.5656564127879614E-004   7.0707069060793430E-004   7.5757573993707247E-004   8.0808078926621063E-004   8.5858583859534880E-004   9.0909088792448696E-004   9.5959593725362512E-004   1.0101009865827633E-003   1.0606060359119015E-003   1.1111110852410396E-003   1.1616161345701778E-003   1.2121211838993159E-003   1.2626262332284541E-003   1.3131312825575923E-003   1.3636363318867304E-003   1.4141413812158686E-003   1.4646464305450068E-003   1.5151514798741449E-003   1.5656565292032831E-003   1.6161615785324213E-003   1.6666666278615594E-003   1.7171716771906976E-003   1.7676767265198358E-003   1.8181817758489739E-003   1.8686868251781121E-003   1.9191918745072502E-003   1.9696969238363884E-003   2.0202019731655266E-003   2.0707070224946647E-003   2.1212120718238029E-003   2.1717171211529411E-003   2.2222221704820792E-003   2.2727272198112174E-003   2.3232322691403556E-003   2.3737373184694937E-003   2.4242423677986319E-003   2.4747474171277701E-003   2.5252524664569082E-003   2.5757575157860464E-003   2.6262625651151845E-003   2.6767676144443227E-003   2.7272726637734609E-003   2.7777777131025990E-003   2.8282827624317372E-003   2.8787878117608754E-003   2.9292928610900135E-003   2.9797979104191517E-003   3.0303029597482899E-003   3.0808080090774280E-003   3.1313130584065662E-003   3.1818181077357044E-003   3.2323231570648425E-003   3.2828282063939807E-003   3.3333332557231189E-003   3.3838383050522570E-003   3.4343433543813952E-003   3.4848484037105333E-003   3.5353534530396715E-003   3.5858585023688097E-003   3.6363635516979478E-003   3.6868686010270860E-003   3.7373736503562242E-003   3.7878786996853623E-003   3.8383837490145005E-003   3.8888887983436387E-003   3.9393938476727768E-003   3.9898988970019150E-003   4.0404039463310532E-003   4.0909089956601913E-003   4.1414140449893295E-003   4.1919190943184676E-003   4.2424241436476058E-003   4.2929291929767440E-003   4.3434342423058821E-003   4.3939392916350203E-003   4.4444443409641585E-003   4.4949493902932966E-003   4.5454544396224348E-003   4.5959594889515730E-003   4.6464645382807111E-003   4.6969695876098493E-003   4.7474746369389875E-003   4.7979796862681256E-003   4.8484847355972638E-003   4.8989897849264019E-003   4.9494948342555401E-003   4.9999998835846783E-003
   20.230715412586420        20.231997504004056        20.235853022871623        20.242309724523778        20.251413939281534        20.263230678874407        20.277843783987549        20.295356111489966        20.315889759489394        20.339586327950329        20.366607212202069        20.397135128216789        20.431370250097302        20.469533613681094        20.511873463416535        20.558653689835864        20.610162028002662        20.666708675338441        20.728626704420478        20.796272467051338        20.870025983193713        20.950291308065715        21.037496870416305        21.132095774751903        21.234566060066740        21.345410907445540        21.465158788759183        21.594363548568197        21.733604411287232        21.883485905649664        22.044637698551085        22.217714330443044        22.403394844601038        22.602379184244199        22.815399743102262        23.043206632833403        23.286563630435467        23.546265950180441        23.823125024360507        24.117970638219958        24.431649473549712        24.765023494795344        25.118968175221255        25.494952413025246        25.892127176686131        26.313141760383147        26.758322850353707        27.228581205508220        27.724827075742581        28.247967323130496        28.798902400840547        29.378523197334530        29.987707754677871        30.627317871069778        31.298195598968661        32.001163422248439        32.737005413712822        33.506482792898439        34.310329268278650        35.149229248871535        36.023828666984905        36.934727480506027        37.882475885912257        38.867570579399803        39.890451087251158        40.951496186996536        42.051020441220629        43.189270866015775        44.366423756079328        45.582581688291420        46.837770725284358        48.131937840023731        49.464948581763871        50.836585002912329        52.246543865348116        53.694435143580108        55.179780840819802        56.702014132574170        58.260476414840070        59.854429319542817        61.483030552408486        63.145358817638339        64.840402577716461        66.567063805676810        68.324159679339331        70.110424652045054        71.924512896185917        73.765001113486520        75.630391703662099        77.519116280762844        79.429539524244859        81.359963349595802        83.308631381211583        85.273733708184579        87.253411901744272        89.245764271301240        91.248851334404605        93.260701474442200        95.279316758608260        97.302678887544459     
   23.873210152249001        23.878937053633464        23.896123764723953        23.924788291761502        23.964960596593684        24.016682523888747        24.080007699326671        24.155001416609011        24.241740402962563        24.340312748985809        24.450817609740852        24.573364981111638        24.708075426776745        24.855079777410765        25.014518802420341        25.186542854555995        25.371311487778485        25.568993048798234        25.779764242746708        26.003809673482067        26.241321359075499        26.492498223071550        26.757545594313427        27.036674522993977        27.330101395947196        27.638047210213188        27.960736985453437        28.298399125122046        28.651264759000000        29.019567068112494        29.403540593108346        29.803420527238359        30.219441995129046        30.651839318607458        31.100845270890431        31.566690320511015        32.049601866410526        32.549803481160524        33.067514074790509        33.602947193567104        34.156310185342747        34.727803425174130        35.317619530425773        35.925942578497711        36.552947328990598        37.198798452156218        37.863649765510374        38.547643480510480        39.250909461220232        39.973564470751086        40.715711567206789        41.477439244861010        42.258820872491725        43.059914012623118        43.880759792925261        44.721382303153391        45.581788019502227        46.461965258216168        47.361883660255096        48.281493708765623        49.220726281053437        50.179492236688752        51.157682043308192        52.155165441600104        53.171791150877269        54.207386616551815        55.261757800731885        56.334689017057038        57.425942779007464        58.535259854263053        59.662359044735531        60.806937336234775        61.968669935142387        63.147210385763302        64.342190736445616        65.553221767893547        66.779893199600494        68.021774094821893        69.278413156087311        70.549339151458810        71.834061370871737        73.132070129102374        74.442837314477742        75.765816982298560        77.100445991805884        78.446144685381796        79.802317608539624        81.168354269126141        82.543629934030534        83.927506461571568        85.319333167616392        86.718447723372236        88.124177082686600        89.535838436592300        90.952740192741786        92.374182977291625        93.799460656720640        95.227861376998689        96.658668617462610        98.091162256706596     
   69.363600465589627        69.367354377687718        69.378615195354229        69.397380162927902        69.423644688379554        69.457402344421354        69.498644870059522        69.547362172589914        69.603542330036390        69.667171594031203        69.738234393136878        69.816713336608871        69.902589218598280        69.995841022793456        70.096445927499857        70.204379311156870        70.319614758290399        70.442124065899989        70.571877250279172        70.708842554267505        70.852986454932619        71.004273671680934        71.162667174794905        71.328128194395305        71.500616229826321        71.680089059461579        71.866502750928845        72.059811671751447        72.259968500403559        72.466924237777590        72.680628219060551        72.901028126017167        73.128069999676910        73.361698253420514        73.601855686472462        73.848483497775064        74.101521300261354        74.360907135526077        74.626577488867269        74.898467304718267        75.176510002456865        75.460637492589569        75.750780193307520        76.046867047410046        76.348825539592156        76.656581714091942        76.970060192693950        77.289184193084253        77.613875547552993        77.944054722040249        78.279640835520581        78.620551679721899        78.966703739173909        79.318012211581689        79.674391028519352        80.035752876439034        80.402009217990354        80.773070313645022        81.148845243621849        81.529241930106579        81.914167159761462        82.303526606519100        82.697224854655047        83.095165422133846        83.497250784222473        83.903382397365917        84.313460723318713        84.727385253526876        85.145054533754077        85.566366188946205        85.991216948328073        86.419502670726175        86.851118370111422        87.285958241355189        87.723915686192754        88.164883339387217        88.608753095087977        89.055416133376625        89.504762946994049        89.956683368241897        90.411066596051839        90.867801223215466        91.326775263768553        91.787876180522275        92.250990912734807        92.716005903916113        93.182807129759098        93.651280126189775        94.121310017529709        94.592781544763255        95.065579093902755        95.539586724444135        96.014688197905883        96.490767006444258        96.967706401537029        97.445389422728965        97.923698926431214        98.402517614767703        98.881728064460816        99.361212755749250     
