     Created from separation_var program

         Parameter: 

 Bi =          1.0
 Fo =          2.0

   Coordinate step:   61
         Time step:   40

 ------------------------------
   5.0000000000000003E-002  0.10000000000000001       0.15000000000000002       0.20000000000000001       0.25000000000000000       0.30000000000000004       0.35000000000000003       0.40000000000000002       0.45000000000000001       0.50000000000000000       0.55000000000000004       0.60000000000000009       0.65000000000000002       0.70000000000000007       0.75000000000000000       0.80000000000000004       0.85000000000000009       0.90000000000000002       0.95000000000000007        1.0000000000000000        1.0500000000000000        1.1000000000000001        1.1500000000000001        1.2000000000000002        1.2500000000000000        1.3000000000000000        1.3500000000000001        1.4000000000000001        1.4500000000000002        1.5000000000000000        1.5500000000000000        1.6000000000000001        1.6500000000000001        1.7000000000000002        1.7500000000000000        1.8000000000000000        1.8500000000000001        1.9000000000000001        1.9500000000000002        2.0000000000000000     
  0.99975087616719316       0.99310821378195369       0.97552958113631183       0.95064174998459638       0.92200652991276022       0.89179545594273435       0.86122334438307213       0.83095030111959700       0.80132568011700878       0.77252630494486385       0.74463363867497689       0.71767671848288894       0.69165601595987869       0.66655668585284389       0.64235591354644872       0.61902698132680456       0.59654151055857463       0.57487069011982417       0.55398594173150661       0.53385927277244571       0.51446345591875520       0.49577211307632851       0.47775974666757798       0.46040174219919888       0.44367435539716482       0.42755469127831136       0.41202067923800079       0.39705104640443617       0.38262529049372573       0.36872365283514003       0.35532709192259065       0.34241725767465286       0.32997646648941403       0.31798767712757636       0.30643446742836633       0.29530101184726565       0.28457205979641914       0.27423291476451861       0.26426941419115385       0.25466791007006617     
  0.98630021224180009       0.95050843758765302       0.91388554313155546       0.87925476106075551       0.84648225856640369       0.81526340473317627       0.78538433297529442       0.75670560186901015       0.72913271792605083       0.70259715467307271       0.67704545184479559       0.65243309135732364       0.62872106614166889       0.60587395178676628       0.58385881522139949       0.56264458965759701       0.54220170950609814       0.52250189050726004       0.50351799123313801       0.48522392043232282       0.46759457043749703       0.45060576561469079       0.43423421970516979       0.41845749862108383       0.40325398676392510       0.38860285577413622       0.37448403508760558       0.36087818393535170       0.34776666456820438       0.33513151656979473       0.32295543216704464       0.31122173247340607       0.29991434461510136       0.28901777969947001       0.27851711158991760       0.26839795645543668       0.25864645306503992       0.24924924379919841       0.24019345635176395       0.23146668609702975     
  0.79037670132721671       0.72357712335443902       0.67831987547762573       0.64339062971210359       0.61432846060335067       0.58885032260018155       0.56570020082220573       0.54417060566370834       0.52385664037537205       0.50452175530451715       0.48602339356431973       0.46827166518804586       0.45120635490263539       0.43478412196890115       0.41897136814193647       0.40374025829450239       0.38906649481198435       0.37492806777628290       0.36130454825928771       0.34817668408175345       0.33552616419145243       0.32333547720921185       0.31158782272350355       0.30026705228507666       0.28935762727028491       0.27884458646437271       0.26871351937674948       0.25895054305854048       0.24954228117096719       0.24047584459756943       0.23173881319647788       0.22331921845794764       0.21520552692672199       0.20738662430163415       0.19985180015457893       0.19259073322785464       0.18559347727857528       0.17885044744455506       0.17235240710953711       0.16609045524785554     
