     Created from separation_var program

         Parameter: 

 Bi =          1.0
 Fo =          2.0

   Coordinate step:   61
         Time step:   40

 ------------------------------
                      0.000      0.017      0.033      0.050      0.067      0.083      0.100      0.117      0.133      0.150      0.167      0.183      0.200      0.217      0.233      0.250      0.267      0.283      0.300      0.317      0.333      0.350      0.367      0.383      0.400      0.417      0.433      0.450      0.467      0.483      0.500      0.517      0.533      0.550      0.567      0.583      0.600      0.617      0.633      0.650      0.667      0.683      0.700      0.717      0.733      0.750      0.767      0.783      0.800      0.817      0.833      0.850      0.867      0.883      0.900      0.917      0.933      0.950      0.967      0.983      1.000

    1     0.0500 |   0.9997509  0.9997465  0.9997334  0.9997113  0.9996794  0.9996372  0.9995836  0.9995174  0.9994371  0.9993408  0.9992265  0.9990919  0.9989341  0.9987502  0.9985365  0.9982892  0.9980040  0.9976761  0.9973000  0.9968699  0.9963795  0.9958218  0.9951890  0.9944730  0.9936649  0.9927552  0.9917336  0.9905892  0.9893104  0.9878851  0.9863002  0.9845423  0.9825972  0.9804502  0.9780861  0.9754892  0.9726433  0.9695321  0.9661389  0.9624468  0.9584390  0.9540986  0.9494089  0.9443535  0.9389164  0.9330820  0.9268356  0.9201631  0.9130512  0.9054879  0.8974620  0.8889640  0.8799855  0.8705195  0.8605607  0.8501055  0.8391519  0.8276997  0.8157505  0.8033077  0.7903767
    2     0.1000 |   0.9931082  0.9930736  0.9929696  0.9927956  0.9925508  0.9922340  0.9918434  0.9913772  0.9908331  0.9902083  0.9895000  0.9887048  0.9878190  0.9868387  0.9857596  0.9845771  0.9832863  0.9818819  0.9803587  0.9787108  0.9769323  0.9750170  0.9729584  0.9707501  0.9683851  0.9658565  0.9631573  0.9602802  0.9572180  0.9539632  0.9505084  0.9468463  0.9429694  0.9388704  0.9345418  0.9299767  0.9251678  0.9201083  0.9147914  0.9092108  0.9033601  0.8972335  0.8908253  0.8841304  0.8771437  0.8698608  0.8622778  0.8543911  0.8461975  0.8376945  0.8288802  0.8197529  0.8103119  0.8005568  0.7904879  0.7801060  0.7694127  0.7584101  0.7471010  0.7354886  0.7235771
    3     0.1500 |   0.9755296  0.9754686  0.9752856  0.9749801  0.9745517  0.9739996  0.9733227  0.9725200  0.9715899  0.9705308  0.9693410  0.9680184  0.9665609  0.9649660  0.9632313  0.9613539  0.9593312  0.9571600  0.9548373  0.9523599  0.9497243  0.9469271  0.9439649  0.9408340  0.9375308  0.9340516  0.9303926  0.9265503  0.9225208  0.9183004  0.9138855  0.9092726  0.9044579  0.8994381  0.8942098  0.8887697  0.8831148  0.8772419  0.8711483  0.8648314  0.8582885  0.8515176  0.8445164  0.8372832  0.8298163  0.8221144  0.8141764  0.8060014  0.7975890  0.7889388  0.7800508  0.7709254  0.7615632  0.7519652  0.7421325  0.7320668  0.7217700  0.7112442  0.7004919  0.6895161  0.6783199
    4     0.2000 |   0.9506417  0.9505661  0.9503391  0.9499607  0.9494304  0.9487480  0.9479129  0.9469245  0.9457821  0.9444850  0.9430322  0.9414228  0.9396555  0.9377294  0.9356431  0.9333953  0.9309846  0.9284096  0.9256687  0.9227605  0.9196833  0.9164356  0.9130156  0.9094217  0.9056522  0.9017054  0.8975797  0.8932734  0.8887849  0.8841125  0.8792548  0.8742101  0.8689770  0.8635542  0.8579403  0.8521341  0.8461345  0.8399403  0.8335507  0.8269648  0.8201819  0.8132015  0.8060231  0.7986464  0.7910713  0.7832976  0.7753257  0.7671558  0.7587884  0.7502241  0.7414638  0.7325085  0.7233594  0.7140178  0.7044852  0.6947635  0.6848545  0.6747604  0.6644833  0.6540259  0.6433906
    5     0.2500 |   0.9220065  0.9219241  0.9216766  0.9212641  0.9206865  0.9199436  0.9190352  0.9179609  0.9167207  0.9153141  0.9137407  0.9120002  0.9100921  0.9080160  0.9057713  0.9033576  0.9007743  0.8980209  0.8950967  0.8920012  0.8887339  0.8852941  0.8816813  0.8778948  0.8739341  0.8697986  0.8654879  0.8610014  0.8563385  0.8514990  0.8464823  0.8412880  0.8359160  0.8303659  0.8246374  0.8187306  0.8126451  0.8063812  0.7999387  0.7933179  0.7865190  0.7795423  0.7723881  0.7650571  0.7575496  0.7498665  0.7420085  0.7339765  0.7257715  0.7173946  0.7088470  0.7001300  0.6912450  0.6821937  0.6729776  0.6635985  0.6540584  0.6443591  0.6345029  0.6244919  0.6143285
    6     0.3000 |   0.8917955  0.8917106  0.8914561  0.8910320  0.8904381  0.8896746  0.8887412  0.8876380  0.8863650  0.8849220  0.8833090  0.8815259  0.8795727  0.8774492  0.8751554  0.8726913  0.8700567  0.8672516  0.8642759  0.8611296  0.8578126  0.8543250  0.8506668  0.8468378  0.8428383  0.8386682  0.8343276  0.8298167  0.8251355  0.8202844  0.8152634  0.8100729  0.8047131  0.7991844  0.7934871  0.7876218  0.7815888  0.7753888  0.7690223  0.7624899  0.7557925  0.7489306  0.7419053  0.7347173  0.7273677  0.7198575  0.7121877  0.7043596  0.6963743  0.6882333  0.6799379  0.6714896  0.6628898  0.6541403  0.6452426  0.6361986  0.6270101  0.6176790  0.6082073  0.5985970  0.5888503
    7     0.3500 |   0.8612233  0.8611386  0.8608845  0.8604609  0.8598679  0.8591055  0.8581738  0.8570729  0.8558027  0.8543635  0.8527552  0.8509780  0.8490320  0.8469174  0.8446342  0.8421827  0.8395630  0.8367754  0.8338201  0.8306972  0.8274071  0.8239501  0.8203264  0.8165365  0.8125805  0.8084591  0.8041725  0.7997212  0.7951058  0.7903266  0.7853843  0.7802795  0.7750127  0.7695847  0.7639960  0.7582476  0.7523401  0.7462743  0.7400512  0.7336716  0.7271366  0.7204471  0.7136041  0.7066088  0.6994624  0.6921659  0.6847208  0.6771282  0.6693896  0.6615064  0.6534799  0.6453118  0.6370036  0.6285570  0.6199735  0.6112549  0.6024031  0.5934198  0.5843069  0.5750664  0.5657002
    8     0.4000 |   0.8309503  0.8308670  0.8306171  0.8302006  0.8296177  0.8288682  0.8279525  0.8268705  0.8256224  0.8242083  0.8226285  0.8208831  0.8189724  0.8168966  0.8146559  0.8122507  0.8096813  0.8069480  0.8040512  0.8009912  0.7977686  0.7943837  0.7908370  0.7871290  0.7832603  0.7792314  0.7750429  0.7706953  0.7661895  0.7615260  0.7567056  0.7517290  0.7465970  0.7413105  0.7358702  0.7302771  0.7245320  0.7186361  0.7125902  0.7063954  0.7000528  0.6935635  0.6869286  0.6801494  0.6732271  0.6661629  0.6589582  0.6516144  0.6441327  0.6365148  0.6287619  0.6208758  0.6128578  0.6047097  0.5964330  0.5880295  0.5795008  0.5708488  0.5620752  0.5531818  0.5441706
    9     0.4500 |   0.8013257  0.8012445  0.8010009  0.8005950  0.8000268  0.7992964  0.7984039  0.7973495  0.7961333  0.7947556  0.7932165  0.7915163  0.7896553  0.7876338  0.7854520  0.7831104  0.7806094  0.7779493  0.7751305  0.7721537  0.7690191  0.7657275  0.7622792  0.7586750  0.7549154  0.7510010  0.7469326  0.7427108  0.7383364  0.7338101  0.7291327  0.7243051  0.7193281  0.7142026  0.7089296  0.7035099  0.6979446  0.6922348  0.6863814  0.6803855  0.6742483  0.6679710  0.6615546  0.6550005  0.6483100  0.6414842  0.6345246  0.6274324  0.6202091  0.6128562  0.6053750  0.5977671  0.5900340  0.5821773  0.5741985  0.5660994  0.5578815  0.5495465  0.5410962  0.5325323  0.5238566
   10     0.5000 |   0.7725263  0.7724475  0.7722113  0.7718175  0.7712664  0.7705580  0.7696924  0.7686698  0.7674904  0.7661543  0.7646619  0.7630133  0.7612089  0.7592491  0.7571341  0.7548644  0.7524403  0.7498623  0.7471309  0.7442465  0.7412098  0.7380212  0.7346813  0.7311908  0.7275503  0.7237604  0.7198220  0.7157356  0.7115022  0.7071224  0.7025972  0.6979272  0.6931136  0.6881571  0.6830587  0.6778194  0.6724402  0.6669221  0.6612663  0.6554737  0.6495456  0.6434831  0.6372873  0.6309596  0.6245011  0.6179132  0.6111971  0.6043542  0.5973859  0.5902936  0.5830787  0.5757426  0.5682869  0.5607130  0.5530226  0.5452171  0.5372983  0.5292676  0.5211269  0.5128777  0.5045218
   11     0.5500 |   0.7446336  0.7445575  0.7443289  0.7439481  0.7434150  0.7427298  0.7418925  0.7409035  0.7397627  0.7384706  0.7370272  0.7354329  0.7336880  0.7317928  0.7297477  0.7275531  0.7252093  0.7227169  0.7200763  0.7172881  0.7143527  0.7112707  0.7080428  0.7046695  0.7011516  0.6974896  0.6936843  0.6897365  0.6856468  0.6814162  0.6770455  0.6725354  0.6678869  0.6631009  0.6581783  0.6531202  0.6479274  0.6426011  0.6371424  0.6315522  0.6258317  0.6199821  0.6140045  0.6079001  0.6016701  0.5953159  0.5888387  0.5822398  0.5755205  0.5686822  0.5617263  0.5546542  0.5474674  0.5401672  0.5327553  0.5252332  0.5176023  0.5098643  0.5020207  0.4940732  0.4860234
   12     0.6000 |   0.7176767  0.7176031  0.7173824  0.7170146  0.7164998  0.7158381  0.7150296  0.7140744  0.7129728  0.7117250  0.7103312  0.7087917  0.7071068  0.7052768  0.7033022  0.7011832  0.6989203  0.6965139  0.6939646  0.6912728  0.6884391  0.6854640  0.6823481  0.6790921  0.6756965  0.6721621  0.6684896  0.6646796  0.6607330  0.6566506  0.6524331  0.6480814  0.6435964  0.6389789  0.6342300  0.6293505  0.6243414  0.6192038  0.6139387  0.6085471  0.6030302  0.5973890  0.5916247  0.5857384  0.5797315  0.5736050  0.5673602  0.5609984  0.5545209  0.5479291  0.5412242  0.5344076  0.5274808  0.5204451  0.5133020  0.5060530  0.4986995  0.4912431  0.4836853  0.4760276  0.4682717
   13     0.6500 |   0.6916560  0.6915850  0.6913721  0.6910172  0.6905205  0.6898820  0.6891019  0.6881803  0.6871175  0.6859135  0.6845688  0.6830835  0.6814579  0.6796924  0.6777873  0.6757430  0.6735600  0.6712386  0.6687793  0.6661826  0.6634491  0.6605792  0.6575737  0.6544329  0.6511577  0.6477487  0.6442065  0.6405319  0.6367256  0.6327884  0.6287211  0.6245244  0.6201994  0.6157467  0.6111674  0.6064623  0.6016325  0.5966789  0.5916024  0.5864042  0.5810853  0.5756468  0.5700898  0.5644154  0.5586248  0.5527191  0.5466996  0.5405675  0.5343241  0.5279706  0.5215084  0.5149387  0.5082629  0.5014824  0.4945986  0.4876128  0.4805266  0.4733413  0.4660586  0.4586797  0.4512064
   14     0.7000 |   0.6665567  0.6664882  0.6662829  0.6659406  0.6654616  0.6648459  0.6640936  0.6632049  0.6621799  0.6610190  0.6597222  0.6582899  0.6567223  0.6550198  0.6531828  0.6512115  0.6491064  0.6468680  0.6444966  0.6419928  0.6393570  0.6365898  0.6336918  0.6306636  0.6275057  0.6242188  0.6208036  0.6172608  0.6135911  0.6097952  0.6058740  0.6018281  0.5976585  0.5933660  0.5889514  0.5844157  0.5797598  0.5749846  0.5700912  0.5650805  0.5599535  0.5547113  0.5493550  0.5438856  0.5383043  0.5326123  0.5268106  0.5209005  0.5148832  0.5087599  0.5025319  0.4962005  0.4897669  0.4832325  0.4765986  0.4698667  0.4630379  0.4561139  0.4490959  0.4419855  0.4347841
   15     0.7500 |   0.6423559  0.6422899  0.6420919  0.6417620  0.6413002  0.6407066  0.6399813  0.6391246  0.6381365  0.6370172  0.6357671  0.6343862  0.6328751  0.6312338  0.6294628  0.6275625  0.6255331  0.6233752  0.6210892  0.6186755  0.6161347  0.6134672  0.6106736  0.6077544  0.6047103  0.6015419  0.5982499  0.5948348  0.5912975  0.5876386  0.5838588  0.5799590  0.5759400  0.5718025  0.5675474  0.5631756  0.5586880  0.5540855  0.5493691  0.5445396  0.5395982  0.5345458  0.5293834  0.5241121  0.5187330  0.5132472  0.5076558  0.5019600  0.4961609  0.4902598  0.4842578  0.4781561  0.4719561  0.4656590  0.4592660  0.4527786  0.4461980  0.4395256  0.4327628  0.4259109  0.4189714
   16     0.8000 |   0.6190270  0.6189634  0.6187725  0.6184545  0.6180094  0.6174372  0.6167381  0.6159123  0.6149599  0.6138811  0.6126760  0.6113451  0.6098885  0.6083065  0.6065995  0.6047678  0.6028118  0.6007319  0.5985285  0.5962020  0.5937530  0.5911819  0.5884893  0.5856757  0.5827417  0.5796879  0.5765149  0.5732234  0.5698141  0.5662875  0.5626446  0.5588860  0.5550124  0.5510247  0.5469238  0.5427103  0.5383853  0.5339496  0.5294040  0.5247496  0.5199873  0.5151180  0.5101428  0.5050627  0.4998787  0.4945920  0.4892035  0.4837143  0.4781257  0.4724388  0.4666547  0.4607746  0.4547997  0.4487313  0.4425706  0.4363188  0.4299773  0.4235474  0.4170303  0.4104275  0.4037403
   17     0.8500 |   0.5965415  0.5964802  0.5962963  0.5959898  0.5955607  0.5950093  0.5943355  0.5935396  0.5926216  0.5915819  0.5904205  0.5891377  0.5877339  0.5862092  0.5845640  0.5827986  0.5809134  0.5789088  0.5767852  0.5745430  0.5721827  0.5697048  0.5671098  0.5643981  0.5615704  0.5586273  0.5555693  0.5523971  0.5491113  0.5457126  0.5422017  0.5385793  0.5348462  0.5310032  0.5270509  0.5229903  0.5188221  0.5145473  0.5101667  0.5056811  0.5010916  0.4963990  0.4916044  0.4867086  0.4817128  0.4766180  0.4714251  0.4661353  0.4607496  0.4552691  0.4496951  0.4440285  0.4382707  0.4324227  0.4264858  0.4204612  0.4143501  0.4081538  0.4018736  0.3955107  0.3890665
   18     0.9000 |   0.5748707  0.5748116  0.5746343  0.5743389  0.5739255  0.5733940  0.5727447  0.5719776  0.5710930  0.5700909  0.5689716  0.5677354  0.5663824  0.5649130  0.5633275  0.5616261  0.5598093  0.5578774  0.5558308  0.5536699  0.5513953  0.5490072  0.5465063  0.5438930  0.5411679  0.5383315  0.5353844  0.5323273  0.5291607  0.5258854  0.5225019  0.5190110  0.5154133  0.5117097  0.5079009  0.5039877  0.4999708  0.4958511  0.4916295  0.4873068  0.4828839  0.4783617  0.4737412  0.4690232  0.4642088  0.4592989  0.4542946  0.4491969  0.4440069  0.4387255  0.4333539  0.4278932  0.4223445  0.4167090  0.4109877  0.4051820  0.3992930  0.3933218  0.3872698  0.3811381  0.3749281
   19     0.9500 |   0.5539859  0.5539290  0.5537582  0.5534735  0.5530750  0.5525629  0.5519371  0.5511979  0.5503453  0.5493796  0.5483009  0.5471096  0.5458057  0.5443896  0.5428616  0.5412220  0.5394712  0.5376094  0.5356371  0.5335546  0.5313625  0.5290611  0.5266510  0.5241325  0.5215063  0.5187729  0.5159329  0.5129867  0.5099351  0.5067786  0.5035180  0.5001538  0.4966868  0.4931177  0.4894472  0.4856760  0.4818050  0.4778349  0.4737666  0.4696009  0.4653386  0.4609806  0.4565279  0.4519813  0.4473417  0.4426102  0.4377877  0.4328752  0.4278736  0.4227841  0.4176076  0.4123453  0.4069982  0.4015674  0.3960540  0.3904592  0.3847842  0.3790300  0.3731978  0.3672889  0.3613045
   20     1.0000 |   0.5338593  0.5338044  0.5336398  0.5333654  0.5329814  0.5324879  0.5318848  0.5311724  0.5303508  0.5294202  0.5283807  0.5272325  0.5259760  0.5246114  0.5231389  0.5215588  0.5198715  0.5180773  0.5161766  0.5141698  0.5120573  0.5098394  0.5075168  0.5050898  0.5025590  0.4999249  0.4971879  0.4943488  0.4914080  0.4883662  0.4852239  0.4819819  0.4786408  0.4752013  0.4716641  0.4680299  0.4642995  0.4604736  0.4565531  0.4525387  0.4484312  0.4442316  0.4399406  0.4355591  0.4310881  0.4265284  0.4218811  0.4171470  0.4123272  0.4074225  0.4024341  0.3973630  0.3922102  0.3869767  0.3816636  0.3762721  0.3708032  0.3652581  0.3596378  0.3539436  0.3481767
   21     1.0500 |   0.5144635  0.5144106  0.5142519  0.5139875  0.5136175  0.5131419  0.5125607  0.5118742  0.5110824  0.5101856  0.5091838  0.5080774  0.5068665  0.5055514  0.5041324  0.5026097  0.5009837  0.4992547  0.4974230  0.4954891  0.4934533  0.4913160  0.4890777  0.4867389  0.4843000  0.4817615  0.4791240  0.4763880  0.4735540  0.4706227  0.4675946  0.4644703  0.4612506  0.4579360  0.4545273  0.4510251  0.4474302  0.4437433  0.4399652  0.4360966  0.4321384  0.4280913  0.4239562  0.4197339  0.4154253  0.4110313  0.4065528  0.4019907  0.3973459  0.3926195  0.3878123  0.3829254  0.3779598  0.3729164  0.3677964  0.3626008  0.3573306  0.3519869  0.3465709  0.3410836  0.3355262
   22     1.1000 |   0.4957721  0.4957211  0.4955683  0.4953135  0.4949569  0.4944985  0.4939385  0.4932769  0.4925139  0.4916496  0.4906843  0.4896180  0.4884511  0.4871838  0.4858163  0.4843489  0.4827820  0.4811158  0.4793506  0.4774870  0.4755251  0.4734655  0.4713085  0.4690547  0.4667044  0.4642581  0.4617164  0.4590797  0.4563487  0.4535239  0.4506058  0.4475950  0.4444923  0.4412981  0.4380132  0.4346383  0.4311740  0.4276210  0.4239801  0.4202521  0.4164376  0.4125376  0.4085527  0.4044838  0.4003317  0.3960974  0.3917816  0.3873852  0.3829092  0.3783545  0.3737220  0.3690126  0.3642274  0.3593673  0.3544333  0.3494264  0.3443477  0.3391982  0.3339789  0.3286910  0.3233355
   23     1.1500 |   0.4777597  0.4777106  0.4775633  0.4773178  0.4769741  0.4765324  0.4759927  0.4753552  0.4746199  0.4737870  0.4728567  0.4718292  0.4707047  0.4694834  0.4681656  0.4667516  0.4652415  0.4636358  0.4619348  0.4601389  0.4582483  0.4562635  0.4541849  0.4520129  0.4497480  0.4473906  0.4449412  0.4424003  0.4397685  0.4370463  0.4342342  0.4313329  0.4283428  0.4252647  0.4220991  0.4188468  0.4155084  0.4120845  0.4085759  0.4049833  0.4013074  0.3975490  0.3937089  0.3897879  0.3857866  0.3817061  0.3775471  0.3733105  0.3689971  0.3646079  0.3601437  0.3556054  0.3509940  0.3463105  0.3415558  0.3367308  0.3318366  0.3268742  0.3218445  0.3167487  0.3115878
   24     1.2000 |   0.4604017  0.4603544  0.4602124  0.4599758  0.4596447  0.4592190  0.4586989  0.4580845  0.4573759  0.4565733  0.4556768  0.4546867  0.4536030  0.4524261  0.4511562  0.4497935  0.4483383  0.4467910  0.4451517  0.4434210  0.4415991  0.4396864  0.4376833  0.4355903  0.4334076  0.4311359  0.4287755  0.4263269  0.4237907  0.4211674  0.4184575  0.4156615  0.4127801  0.4098138  0.4067633  0.4036291  0.4004120  0.3971125  0.3937314  0.3902693  0.3867270  0.3831051  0.3794045  0.3756259  0.3717701  0.3678378  0.3638299  0.3597472  0.3555905  0.3513608  0.3470587  0.3426854  0.3382415  0.3337282  0.3291462  0.3244965  0.3197801  0.3149980  0.3101511  0.3052405  0.3002671
   25     1.2500 |   0.4436744  0.4436287  0.4434919  0.4432639  0.4429448  0.4425346  0.4420334  0.4414413  0.4407585  0.4399850  0.4391211  0.4381669  0.4371226  0.4359885  0.4347647  0.4334515  0.4320492  0.4305581  0.4289784  0.4273106  0.4255548  0.4237116  0.4217813  0.4197643  0.4176610  0.4154717  0.4131971  0.4108375  0.4083935  0.4058655  0.4032540  0.4005596  0.3977829  0.3949244  0.3919847  0.3889644  0.3858641  0.3826845  0.3794262  0.3760899  0.3726763  0.3691860  0.3656199  0.3619785  0.3582628  0.3544734  0.3506111  0.3466767  0.3426711  0.3385950  0.3344493  0.3302348  0.3259524  0.3216030  0.3171875  0.3127068  0.3081618  0.3035534  0.2988826  0.2941503  0.2893576
   26     1.3000 |   0.4275547  0.4275107  0.4273789  0.4271592  0.4268516  0.4264563  0.4259733  0.4254028  0.4247448  0.4239994  0.4231669  0.4222473  0.4212410  0.4201480  0.4189687  0.4177032  0.4163519  0.4149149  0.4133927  0.4117854  0.4100935  0.4083173  0.4064571  0.4045133  0.4024864  0.4003767  0.3981847  0.3959109  0.3935556  0.3911194  0.3886029  0.3860064  0.3833305  0.3805759  0.3777430  0.3748324  0.3718448  0.3687807  0.3656408  0.3624257  0.3591361  0.3557726  0.3523361  0.3488270  0.3452463  0.3415946  0.3378726  0.3340812  0.3302211  0.3262930  0.3222979  0.3182366  0.3141098  0.3099184  0.3056633  0.3013454  0.2969655  0.2925246  0.2880235  0.2834632  0.2788446
   27     1.3500 |   0.4120207  0.4119783  0.4118513  0.4116395  0.4113432  0.4109622  0.4104968  0.4099470  0.4093128  0.4085946  0.4077923  0.4069062  0.4059364  0.4048831  0.4037466  0.4025271  0.4012249  0.3998401  0.3983732  0.3968243  0.3951939  0.3934822  0.3916896  0.3898164  0.3878632  0.3858301  0.3837178  0.3815265  0.3792569  0.3769092  0.3744840  0.3719819  0.3694033  0.3667487  0.3640187  0.3612139  0.3583348  0.3553820  0.3523562  0.3492579  0.3460878  0.3428466  0.3395349  0.3361533  0.3327027  0.3291836  0.3255969  0.3219432  0.3182234  0.3144381  0.3105881  0.3066743  0.3026975  0.2986584  0.2945579  0.2903968  0.2861761  0.2818965  0.2775589  0.2731643  0.2687135
   28     1.4000 |   0.3970510  0.3970102  0.3968878  0.3966837  0.3963981  0.3960310  0.3955825  0.3950527  0.3944416  0.3937494  0.3929763  0.3921223  0.3911878  0.3901728  0.3890776  0.3879024  0.3866475  0.3853131  0.3838994  0.3824068  0.3808356  0.3791861  0.3774586  0.3756535  0.3737712  0.3718121  0.3697764  0.3676648  0.3654776  0.3632152  0.3608782  0.3584669  0.3559820  0.3534239  0.3507931  0.3480902  0.3453157  0.3424702  0.3395543  0.3365686  0.3335137  0.3303902  0.3271988  0.3239401  0.3206148  0.3172236  0.3137672  0.3102463  0.3066616  0.3030138  0.2993037  0.2955321  0.2916998  0.2878074  0.2838559  0.2798461  0.2757786  0.2716545  0.2674746  0.2632396  0.2589505
   29     1.4500 |   0.3826253  0.3825860  0.3824680  0.3822713  0.3819961  0.3816423  0.3812101  0.3806995  0.3801106  0.3794436  0.3786986  0.3778757  0.3769751  0.3759970  0.3749416  0.3738091  0.3725997  0.3713138  0.3699515  0.3685131  0.3669990  0.3654094  0.3637447  0.3620052  0.3601913  0.3583033  0.3563416  0.3543067  0.3521990  0.3500188  0.3477667  0.3454430  0.3430484  0.3405832  0.3380480  0.3354433  0.3327696  0.3300275  0.3272175  0.3243403  0.3213964  0.3183864  0.3153109  0.3121706  0.3089662  0.3056982  0.3023674  0.2989743  0.2955199  0.2920046  0.2884294  0.2847948  0.2811017  0.2773507  0.2735428  0.2696786  0.2657590  0.2617847  0.2577566  0.2536755  0.2495423
   30     1.5000 |   0.3687237  0.3686857  0.3685720  0.3683826  0.3681173  0.3677764  0.3673599  0.3668678  0.3663004  0.3656576  0.3649396  0.3641466  0.3632787  0.3623361  0.3613191  0.3602277  0.3590623  0.3578231  0.3565103  0.3551242  0.3536651  0.3521332  0.3505290  0.3488527  0.3471047  0.3452853  0.3433949  0.3414340  0.3394028  0.3373018  0.3351315  0.3328923  0.3305847  0.3282090  0.3257659  0.3232558  0.3206793  0.3180368  0.3153290  0.3125563  0.3097193  0.3068187  0.3038550  0.3008288  0.2977407  0.2945915  0.2913817  0.2881119  0.2847830  0.2813954  0.2779501  0.2744476  0.2708886  0.2672740  0.2636044  0.2598806  0.2561034  0.2522735  0.2483917  0.2444589  0.2404758
   31     1.5500 |   0.3553271  0.3552906  0.3551810  0.3549984  0.3547428  0.3544143  0.3540129  0.3535387  0.3529918  0.3523724  0.3516805  0.3509163  0.3500800  0.3491717  0.3481916  0.3471399  0.3460168  0.3448226  0.3435575  0.3422217  0.3408156  0.3393395  0.3377935  0.3361781  0.3344936  0.3327403  0.3309186  0.3290289  0.3270715  0.3250469  0.3229554  0.3207976  0.3185738  0.3162845  0.3139301  0.3115112  0.3090283  0.3064818  0.3038724  0.3012004  0.2984665  0.2956713  0.2928152  0.2898990  0.2869231  0.2838883  0.2807951  0.2776442  0.2744362  0.2711717  0.2678515  0.2644763  0.2610466  0.2575633  0.2540270  0.2504385  0.2467985  0.2431078  0.2393671  0.2355772  0.2317388
   32     1.6000 |   0.3424173  0.3423821  0.3422765  0.3421005  0.3418542  0.3415376  0.3411508  0.3406938  0.3401669  0.3395699  0.3389032  0.3381667  0.3373608  0.3364855  0.3355410  0.3345275  0.3334452  0.3322944  0.3310753  0.3297880  0.3284330  0.3270105  0.3255207  0.3239640  0.3223407  0.3206511  0.3188956  0.3170745  0.3151883  0.3132372  0.3112217  0.3091423  0.3069993  0.3047931  0.3025243  0.3001933  0.2978006  0.2953467  0.2928320  0.2902571  0.2876226  0.2849289  0.2821766  0.2793663  0.2764986  0.2735740  0.2705932  0.2675567  0.2644653  0.2613194  0.2581199  0.2548672  0.2515622  0.2482054  0.2447976  0.2413395  0.2378318  0.2342752  0.2306704  0.2270181  0.2233192
   33     1.6500 |   0.3299765  0.3299425  0.3298408  0.3296712  0.3294339  0.3291288  0.3287560  0.3283157  0.3278078  0.3272326  0.3265901  0.3258804  0.3251037  0.3242602  0.3233500  0.3223733  0.3213304  0.3202214  0.3190465  0.3178061  0.3165003  0.3151295  0.3136938  0.3121937  0.3106293  0.3090011  0.3073094  0.3055545  0.3037368  0.3018566  0.2999143  0.2979104  0.2958453  0.2937193  0.2915329  0.2892866  0.2869808  0.2846160  0.2821927  0.2797114  0.2771726  0.2745768  0.2719245  0.2692163  0.2664528  0.2636344  0.2607619  0.2578358  0.2548566  0.2518251  0.2487418  0.2456073  0.2424224  0.2391876  0.2359036  0.2325711  0.2291908  0.2257634  0.2222896  0.2187700  0.2152055
   34     1.7000 |   0.3179877  0.3179550  0.3178569  0.3176935  0.3174648  0.3171708  0.3168116  0.3163872  0.3158978  0.3153435  0.3147243  0.3140404  0.3132920  0.3124791  0.3116020  0.3106608  0.3096557  0.3085870  0.3074549  0.3062595  0.3050011  0.3036801  0.3022966  0.3008510  0.2993435  0.2977744  0.2961442  0.2944530  0.2927013  0.2908895  0.2890178  0.2870867  0.2850966  0.2830478  0.2809409  0.2787762  0.2765542  0.2742753  0.2719400  0.2695489  0.2671023  0.2646008  0.2620448  0.2594351  0.2567719  0.2540560  0.2512879  0.2484680  0.2455971  0.2426757  0.2397044  0.2366839  0.2336146  0.2304973  0.2273327  0.2241213  0.2208638  0.2175609  0.2142133  0.2108216  0.2073866
   35     1.7500 |   0.3064345  0.3064030  0.3063085  0.3061510  0.3059306  0.3056473  0.3053011  0.3048922  0.3044205  0.3038863  0.3032897  0.3026306  0.3019094  0.3011260  0.3002808  0.2993738  0.2984052  0.2973754  0.2962843  0.2951324  0.2939198  0.2926467  0.2913135  0.2899204  0.2884676  0.2869556  0.2853846  0.2837549  0.2820668  0.2803208  0.2785171  0.2766562  0.2747384  0.2727641  0.2707337  0.2686476  0.2665063  0.2643103  0.2620598  0.2597555  0.2573978  0.2549872  0.2525242  0.2500092  0.2474428  0.2448256  0.2421580  0.2394406  0.2366740  0.2338588  0.2309954  0.2280846  0.2251269  0.2221229  0.2190732  0.2159785  0.2128393  0.2096564  0.2064304  0.2031620  0.1998518
   36     1.8000 |   0.2953010  0.2952707  0.2951796  0.2950278  0.2948154  0.2945424  0.2942088  0.2938147  0.2933603  0.2928455  0.2922705  0.2916354  0.2909403  0.2901854  0.2893709  0.2884969  0.2875635  0.2865710  0.2855197  0.2844096  0.2832410  0.2820142  0.2807294  0.2793869  0.2779870  0.2765299  0.2750159  0.2734454  0.2718187  0.2701361  0.2683980  0.2666046  0.2647565  0.2628539  0.2608973  0.2588870  0.2568236  0.2547073  0.2525386  0.2503180  0.2480460  0.2457230  0.2433494  0.2409258  0.2384527  0.2359305  0.2333599  0.2307412  0.2280751  0.2253622  0.2226028  0.2197978  0.2169475  0.2140526  0.2111138  0.2081315  0.2051064  0.2020391  0.1989304  0.1957807  0.1925907
   37     1.8500 |   0.2845721  0.2845428  0.2844550  0.2843088  0.2841041  0.2838410  0.2835195  0.2831398  0.2827018  0.2822057  0.2816516  0.2810396  0.2803698  0.2796423  0.2788574  0.2780151  0.2771157  0.2761593  0.2751461  0.2740763  0.2729502  0.2717680  0.2705299  0.2692362  0.2678871  0.2664829  0.2650240  0.2635105  0.2619429  0.2603214  0.2586465  0.2569183  0.2551373  0.2533038  0.2514183  0.2494811  0.2474926  0.2454532  0.2433633  0.2412234  0.2390339  0.2367953  0.2345080  0.2321724  0.2297891  0.2273586  0.2248814  0.2223579  0.2197886  0.2171742  0.2145152  0.2118120  0.2090653  0.2062756  0.2034435  0.2005696  0.1976544  0.1946986  0.1917028  0.1886675  0.1855935
   38     1.9000 |   0.2742329  0.2742047  0.2741202  0.2739792  0.2737820  0.2735284  0.2732186  0.2728527  0.2724306  0.2719526  0.2714186  0.2708288  0.2701833  0.2694823  0.2687259  0.2679142  0.2670474  0.2661258  0.2651494  0.2641185  0.2630333  0.2618940  0.2607009  0.2594542  0.2581541  0.2568010  0.2553950  0.2539366  0.2524259  0.2508634  0.2492492  0.2475839  0.2458676  0.2441007  0.2422837  0.2404169  0.2385006  0.2365353  0.2345214  0.2324592  0.2303493  0.2281920  0.2259878  0.2237371  0.2214404  0.2190982  0.2167109  0.2142791  0.2118032  0.2092838  0.2067214  0.2041164  0.2014695  0.1987812  0.1960520  0.1932824  0.1904732  0.1876248  0.1847378  0.1818128  0.1788504
   39     1.9500 |   0.2642694  0.2642422  0.2641608  0.2640249  0.2638349  0.2635905  0.2632920  0.2629393  0.2625326  0.2620719  0.2615573  0.2609890  0.2603669  0.2596914  0.2589625  0.2581803  0.2573450  0.2564568  0.2555159  0.2545225  0.2534767  0.2523788  0.2512291  0.2500276  0.2487748  0.2474708  0.2461160  0.2447105  0.2432547  0.2417489  0.2401935  0.2385886  0.2369347  0.2352320  0.2334810  0.2316820  0.2298354  0.2279415  0.2260007  0.2240135  0.2219802  0.2199013  0.2177771  0.2156082  0.2133950  0.2111378  0.2088373  0.2064939  0.2041079  0.2016801  0.1992107  0.1967004  0.1941497  0.1915590  0.1889289  0.1862601  0.1835529  0.1808079  0.1780258  0.1752071  0.1723524
   40     2.0000 |   0.2546679  0.2546417  0.2545632  0.2544323  0.2542491  0.2540137  0.2537260  0.2533861  0.2529942  0.2525502  0.2520544  0.2515066  0.2509072  0.2502562  0.2495538  0.2488000  0.2479951  0.2471392  0.2462325  0.2452751  0.2442673  0.2432093  0.2421013  0.2409436  0.2397363  0.2384797  0.2371740  0.2358196  0.2344167  0.2329657  0.2314667  0.2299201  0.2283263  0.2266855  0.2249981  0.2232645  0.2214849  0.2196598  0.2177896  0.2158745  0.2139151  0.2119117  0.2098648  0.2077747  0.2056418  0.2034667  0.2012498  0.1989915  0.1966922  0.1943526  0.1919729  0.1895538  0.1870958  0.1845992  0.1820647  0.1794928  0.1768840  0.1742388  0.1715578  0.1688415  0.1660905
