   0.0000000000000000     
   3.3333335071802139E-002
   6.6666670143604279E-002
  0.10000000521540642     
  0.13333334028720856     
  0.16666667535901070     
  0.20000001043081284     
  0.23333334550261497     
  0.26666668057441711     
  0.30000001564621925     
  0.33333335071802139     
  0.36666668578982353     
  0.40000002086162567     
  0.43333335593342781     
  0.46666669100522995     
  0.50000002607703209     
  0.53333336114883423     
  0.56666669622063637     
  0.60000003129243851     
  0.63333336636424065     
  0.66666670143604279     
  0.70000003650784492     
  0.73333337157964706     
  0.76666670665144920     
  0.80000004172325134     
  0.83333337679505348     
  0.86666671186685562     
  0.90000004693865776     
  0.93333338201045990     
  0.96666671708226204     
   1.0000000521540642     
   0.00000000    
   5.0000002374872565E-004
   1.0000000474974513E-003
   1.5000000712461770E-003
   2.0000000949949026E-003
   2.5000001187436283E-003
   3.0000001424923539E-003
   3.5000001662410796E-003
   4.0000001899898052E-003
   4.5000002137385309E-003
   5.0000002374872565E-003
   5.5000002612359822E-003
   6.0000002849847078E-003
   6.5000003087334335E-003
   7.0000003324821591E-003
   7.5000003562308848E-003
   8.0000003799796104E-003
   8.5000004037283361E-003
   9.0000004274770617E-003
   9.5000004512257874E-003
   1.0000000474974513E-002
   1.0500000498723239E-002
   1.1000000522471964E-002
   1.1500000546220690E-002
   1.2000000569969416E-002
   1.2500000593718141E-002
   1.3000000617466867E-002
   1.3500000641215593E-002
   1.4000000664964318E-002
   1.4500000688713044E-002
   1.5000000712461770E-002
   1.5500000736210495E-002
   1.6000000759959221E-002
   1.6500000783707947E-002
   1.7000000807456672E-002
   1.7500000831205398E-002
   1.8000000854954123E-002
   1.8500000878702849E-002
   1.9000000902451575E-002
   1.9500000926200300E-002
   2.0000000949949026E-002
   2.0500000973697752E-002
   2.1000000997446477E-002
   2.1500001021195203E-002
   2.2000001044943929E-002
   2.2500001068692654E-002
   2.3000001092441380E-002
   2.3500001116190106E-002
   2.4000001139938831E-002
   2.4500001163687557E-002
   2.5000001187436283E-002
   2.5500001211185008E-002
   2.6000001234933734E-002
   2.6500001258682460E-002
   2.7000001282431185E-002
   2.7500001306179911E-002
   2.8000001329928637E-002
   2.8500001353677362E-002
   2.9000001377426088E-002
   2.9500001401174814E-002
   3.0000001424923539E-002
   3.0500001448672265E-002
   3.1000001472420990E-002
   3.1500001496169716E-002
   3.2000001519918442E-002
   3.2500001543667167E-002
   3.3000001567415893E-002
   3.3500001591164619E-002
   3.4000001614913344E-002
   3.4500001638662070E-002
   3.5000001662410796E-002
   3.5500001686159521E-002
   3.6000001709908247E-002
   3.6500001733656973E-002
   3.7000001757405698E-002
   3.7500001781154424E-002
   3.8000001804903150E-002
   3.8500001828651875E-002
   3.9000001852400601E-002
   3.9500001876149327E-002
   4.0000001899898052E-002
   4.0500001923646778E-002
   4.1000001947395504E-002
   4.1500001971144229E-002
   4.2000001994892955E-002
   4.2500002018641680E-002
   4.3000002042390406E-002
   4.3500002066139132E-002
   4.4000002089887857E-002
   4.4500002113636583E-002
   4.5000002137385309E-002
   4.5500002161134034E-002
   4.6000002184882760E-002
   4.6500002208631486E-002
   4.7000002232380211E-002
   4.7500002256128937E-002
   4.8000002279877663E-002
   4.8500002303626388E-002
   4.9000002327375114E-002
   4.9500002351123840E-002
   5.0000002374872565E-002
   5.0500002398621291E-002
   5.1000002422370017E-002
   5.1500002446118742E-002
   5.2000002469867468E-002
   5.2500002493616194E-002
   5.3000002517364919E-002
   5.3500002541113645E-002
   5.4000002564862370E-002
   5.4500002588611096E-002
   5.5000002612359822E-002
   5.5500002636108547E-002
   5.6000002659857273E-002
   5.6500002683605999E-002
   5.7000002707354724E-002
   5.7500002731103450E-002
   5.8000002754852176E-002
   5.8500002778600901E-002
   5.9000002802349627E-002
   5.9500002826098353E-002
   6.0000002849847078E-002
   6.0500002873595804E-002
   6.1000002897344530E-002
   6.1500002921093255E-002
   6.2000002944841981E-002
   6.2500002968590707E-002
   6.3000002992339432E-002
   6.3500003016088158E-002
   6.4000003039836884E-002
   6.4500003063585609E-002
   6.5000003087334335E-002
   6.5500003111083061E-002
   6.6000003134831786E-002
   6.6500003158580512E-002
   6.7000003182329237E-002
   6.7500003206077963E-002
   6.8000003229826689E-002
   6.8500003253575414E-002
   6.9000003277324140E-002
   6.9500003301072866E-002
   7.0000003324821591E-002
   7.0500003348570317E-002
   7.1000003372319043E-002
   7.1500003396067768E-002
   7.2000003419816494E-002
   7.2500003443565220E-002
   7.3000003467313945E-002
   7.3500003491062671E-002
   7.4000003514811397E-002
   7.4500003538560122E-002
   7.5000003562308848E-002
   7.5500003586057574E-002
   7.6000003609806299E-002
   7.6500003633555025E-002
   7.7000003657303751E-002
   7.7500003681052476E-002
   7.8000003704801202E-002
   7.8500003728549927E-002
   7.9000003752298653E-002
   7.9500003776047379E-002
   8.0000003799796104E-002
   8.0500003823544830E-002
   8.1000003847293556E-002
   8.1500003871042281E-002
   8.2000003894791007E-002
   8.2500003918539733E-002
   8.3000003942288458E-002
   8.3500003966037184E-002
   8.4000003989785910E-002
   8.4500004013534635E-002
   8.5000004037283361E-002
   8.5500004061032087E-002
   8.6000004084780812E-002
   8.6500004108529538E-002
   8.7000004132278264E-002
   8.7500004156026989E-002
   8.8000004179775715E-002
   8.8500004203524441E-002
   8.9000004227273166E-002
   8.9500004251021892E-002
   9.0000004274770617E-002
   9.0500004298519343E-002
   9.1000004322268069E-002
   9.1500004346016794E-002
   9.2000004369765520E-002
   9.2500004393514246E-002
   9.3000004417262971E-002
   9.3500004441011697E-002
   9.4000004464760423E-002
   9.4500004488509148E-002
   9.5000004512257874E-002
   9.5500004536006600E-002
   9.6000004559755325E-002
   9.6500004583504051E-002
   9.7000004607252777E-002
   9.7500004631001502E-002
   9.8000004654750228E-002
   9.8500004678498954E-002
   9.9000004702247679E-002
   9.9500004725996405E-002
  0.10000000474974513     
  0.10050000477349386     
  0.10100000479724258     
  0.10150000482099131     
  0.10200000484474003     
  0.10250000486848876     
  0.10300000489223748     
  0.10350000491598621     
  0.10400000493973494     
  0.10450000496348366     
  0.10500000498723239     
  0.10550000501098111     
  0.10600000503472984     
  0.10650000505847856     
  0.10700000508222729     
  0.10750000510597602     
  0.10800000512972474     
  0.10850000515347347     
  0.10900000517722219     
  0.10950000520097092     
  0.11000000522471964     
  0.11050000524846837     
  0.11100000527221709     
  0.11150000529596582     
  0.11200000531971455     
  0.11250000534346327     
  0.11300000536721200     
  0.11350000539096072     
  0.11400000541470945     
  0.11450000543845817     
  0.11500000546220690     
  0.11550000548595563     
  0.11600000550970435     
  0.11650000553345308     
  0.11700000555720180     
  0.11750000558095053     
  0.11800000560469925     
  0.11850000562844798     
  0.11900000565219671     
  0.11950000567594543     
  0.12000000569969416     
  0.12050000572344288     
  0.12100000574719161     
  0.12150000577094033     
  0.12200000579468906     
  0.12250000581843778     
  0.12300000584218651     
  0.12350000586593524     
  0.12400000588968396     
  0.12450000591343269     
  0.12500000593718141     
  0.12550000596093014     
  0.12600000598467886     
  0.12650000600842759     
  0.12700000603217632     
  0.12750000605592504     
  0.12800000607967377     
  0.12850000610342249     
  0.12900000612717122     
  0.12950000615091994     
  0.13000000617466867     
  0.13050000619841740     
  0.13100000622216612     
  0.13150000624591485     
  0.13200000626966357     
  0.13250000629341230     
  0.13300000631716102     
  0.13350000634090975     
  0.13400000636465847     
  0.13450000638840720     
  0.13500000641215593     
  0.13550000643590465     
  0.13600000645965338     
  0.13650000648340210     
  0.13700000650715083     
  0.13750000653089955     
  0.13800000655464828     
  0.13850000657839701     
  0.13900000660214573     
  0.13950000662589446     
  0.14000000664964318     
  0.14050000667339191     
  0.14100000669714063     
  0.14150000672088936     
  0.14200000674463809     
  0.14250000676838681     
  0.14300000679213554     
  0.14350000681588426     
  0.14400000683963299     
  0.14450000686338171     
  0.14500000688713044     
  0.14550000691087916     
  0.14600000693462789     
  0.14650000695837662     
  0.14700000698212534     
  0.14750000700587407     
  0.14800000702962279     
  0.14850000705337152     
  0.14900000707712024     
  0.14950000710086897     
  0.15000000712461770     
  0.15050000714836642     
  0.15100000717211515     
  0.15150000719586387     
  0.15200000721961260     
  0.15250000724336132     
  0.15300000726711005     
  0.15350000729085878     
  0.15400000731460750     
  0.15450000733835623     
  0.15500000736210495     
  0.15550000738585368     
  0.15600000740960240     
  0.15650000743335113     
  0.15700000745709985     
  0.15750000748084858     
  0.15800000750459731     
  0.15850000752834603     
  0.15900000755209476     
  0.15950000757584348     
  0.16000000759959221     
  0.16050000762334093     
  0.16100000764708966     
  0.16150000767083839     
  0.16200000769458711     
  0.16250000771833584     
  0.16300000774208456     
  0.16350000776583329     
  0.16400000778958201     
  0.16450000781333074     
  0.16500000783707947     
  0.16550000786082819     
  0.16600000788457692     
  0.16650000790832564     
  0.16700000793207437     
  0.16750000795582309     
  0.16800000797957182     
  0.16850000800332054     
  0.16900000802706927     
  0.16950000805081800     
  0.17000000807456672     
  0.17050000809831545     
  0.17100000812206417     
  0.17150000814581290     
  0.17200000816956162     
  0.17250000819331035     
  0.17300000821705908     
  0.17350000824080780     
  0.17400000826455653     
  0.17450000828830525     
  0.17500000831205398     
  0.17550000833580270     
  0.17600000835955143     
  0.17650000838330016     
  0.17700000840704888     
  0.17750000843079761     
  0.17800000845454633     
  0.17850000847829506     
  0.17900000850204378     
  0.17950000852579251     
  0.18000000854954123     
  0.18050000857328996     
  0.18100000859703869     
  0.18150000862078741     
  0.18200000864453614     
  0.18250000866828486     
  0.18300000869203359     
  0.18350000871578231     
  0.18400000873953104     
  0.18450000876327977     
  0.18500000878702849     
  0.18550000881077722     
  0.18600000883452594     
  0.18650000885827467     
  0.18700000888202339     
  0.18750000890577212     
  0.18800000892952085     
  0.18850000895326957     
  0.18900000897701830     
  0.18950000900076702     
  0.19000000902451575     
  0.19050000904826447     
  0.19100000907201320     
  0.19150000909576192     
  0.19200000911951065     
  0.19250000914325938     
  0.19300000916700810     
  0.19350000919075683     
  0.19400000921450555     
  0.19450000923825428     
  0.19500000926200300     
  0.19550000928575173     
  0.19600000930950046     
  0.19650000933324918     
  0.19700000935699791     
  0.19750000938074663     
  0.19800000940449536     
  0.19850000942824408     
  0.19900000945199281     
  0.19950000947574154     
  0.20000000949949026     
  0.20050000952323899     
  0.20100000954698771     
  0.20150000957073644     
  0.20200000959448516     
  0.20250000961823389     
  0.20300000964198261     
  0.20350000966573134     
  0.20400000968948007     
  0.20450000971322879     
  0.20500000973697752     
  0.20550000976072624     
  0.20600000978447497     
  0.20650000980822369     
  0.20700000983197242     
  0.20750000985572115     
  0.20800000987946987     
  0.20850000990321860     
  0.20900000992696732     
  0.20950000995071605     
  0.21000000997446477     
  0.21050000999821350     
  0.21100001002196223     
  0.21150001004571095     
  0.21200001006945968     
  0.21250001009320840     
  0.21300001011695713     
  0.21350001014070585     
  0.21400001016445458     
  0.21450001018820331     
  0.21500001021195203     
  0.21550001023570076     
  0.21600001025944948     
  0.21650001028319821     
  0.21700001030694693     
  0.21750001033069566     
  0.21800001035444438     
  0.21850001037819311     
  0.21900001040194184     
  0.21950001042569056     
  0.22000001044943929     
  0.22050001047318801     
  0.22100001049693674     
  0.22150001052068546     
  0.22200001054443419     
  0.22250001056818292     
  0.22300001059193164     
  0.22350001061568037     
  0.22400001063942909     
  0.22450001066317782     
  0.22500001068692654     
  0.22550001071067527     
  0.22600001073442400     
  0.22650001075817272     
  0.22700001078192145     
  0.22750001080567017     
  0.22800001082941890     
  0.22850001085316762     
  0.22900001087691635     
  0.22950001090066507     
  0.23000001092441380     
  0.23050001094816253     
  0.23100001097191125     
  0.23150001099565998     
  0.23200001101940870     
  0.23250001104315743     
  0.23300001106690615     
  0.23350001109065488     
  0.23400001111440361     
  0.23450001113815233     
  0.23500001116190106     
  0.23550001118564978     
  0.23600001120939851     
  0.23650001123314723     
  0.23700001125689596     
  0.23750001128064469     
  0.23800001130439341     
  0.23850001132814214     
  0.23900001135189086     
  0.23950001137563959     
  0.24000001139938831     
  0.24050001142313704     
  0.24100001144688576     
  0.24150001147063449     
  0.24200001149438322     
  0.24250001151813194     
  0.24300001154188067     
  0.24350001156562939     
  0.24400001158937812     
  0.24450001161312684     
  0.24500001163687557     
  0.24550001166062430     
  0.24600001168437302     
  0.24650001170812175     
  0.24700001173187047     
  0.24750001175561920     
  0.24800001177936792     
  0.24850001180311665     
  0.24900001182686538     
  0.24950001185061410     
  0.25000001187436283     
  0.25050001189811155     
  0.25100001192186028     
  0.25150001194560900     
  0.25200001196935773     
  0.25250001199310645     
  0.25300001201685518     
  0.25350001204060391     
  0.25400001206435263     
  0.25450001208810136     
  0.25500001211185008     
  0.25550001213559881     
  0.25600001215934753     
  0.25650001218309626     
  0.25700001220684499     
  0.25750001223059371     
  0.25800001225434244     
  0.25850001227809116     
  0.25900001230183989     
  0.25950001232558861     
  0.26000001234933734     
  0.26050001237308607     
  0.26100001239683479     
  0.26150001242058352     
  0.26200001244433224     
  0.26250001246808097     
  0.26300001249182969     
  0.26350001251557842     
  0.26400001253932714     
  0.26450001256307587     
  0.26500001258682460     
  0.26550001261057332     
  0.26600001263432205     
  0.26650001265807077     
  0.26700001268181950     
  0.26750001270556822     
  0.26800001272931695     
  0.26850001275306568     
  0.26900001277681440     
  0.26950001280056313     
  0.27000001282431185     
  0.27050001284806058     
  0.27100001287180930     
  0.27150001289555803     
  0.27200001291930676     
  0.27250001294305548     
  0.27300001296680421     
  0.27350001299055293     
  0.27400001301430166     
  0.27450001303805038     
  0.27500001306179911     
  0.27550001308554783     
  0.27600001310929656     
  0.27650001313304529     
  0.27700001315679401     
  0.27750001318054274     
  0.27800001320429146     
  0.27850001322804019     
  0.27900001325178891     
  0.27950001327553764     
  0.28000001329928637     
  0.28050001332303509     
  0.28100001334678382     
  0.28150001337053254     
  0.28200001339428127     
  0.28250001341802999     
  0.28300001344177872     
  0.28350001346552745     
  0.28400001348927617     
  0.28450001351302490     
  0.28500001353677362     
  0.28550001356052235     
  0.28600001358427107     
  0.28650001360801980     
  0.28700001363176852     
  0.28750001365551725     
  0.28800001367926598     
  0.28850001370301470     
  0.28900001372676343     
  0.28950001375051215     
  0.29000001377426088     
  0.29050001379800960     
  0.29100001382175833     
  0.29150001384550706     
  0.29200001386925578     
  0.29250001389300451     
  0.29300001391675323     
  0.29350001394050196     
  0.29400001396425068     
  0.29450001398799941     
  0.29500001401174814     
  0.29550001403549686     
  0.29600001405924559     
  0.29650001408299431     
  0.29700001410674304     
  0.29750001413049176     
  0.29800001415424049     
  0.29850001417798921     
  0.29900001420173794     
  0.29950001422548667     
  0.30000001424923539     
  0.30050001427298412     
  0.30100001429673284     
  0.30150001432048157     
  0.30200001434423029     
  0.30250001436797902     
  0.30300001439172775     
  0.30350001441547647     
  0.30400001443922520     
  0.30450001446297392     
  0.30500001448672265     
  0.30550001451047137     
  0.30600001453422010     
  0.30650001455796883     
  0.30700001458171755     
  0.30750001460546628     
  0.30800001462921500     
  0.30850001465296373     
  0.30900001467671245     
  0.30950001470046118     
  0.31000001472420990     
  0.31050001474795863     
  0.31100001477170736     
  0.31150001479545608     
  0.31200001481920481     
  0.31250001484295353     
  0.31300001486670226     
  0.31350001489045098     
  0.31400001491419971     
  0.31450001493794844     
  0.31500001496169716     
  0.31550001498544589     
  0.31600001500919461     
  0.31650001503294334     
  0.31700001505669206     
  0.31750001508044079     
  0.31800001510418952     
  0.31850001512793824     
  0.31900001515168697     
  0.31950001517543569     
  0.32000001519918442     
  0.32050001522293314     
  0.32100001524668187     
  0.32150001527043059     
  0.32200001529417932     
  0.32250001531792805     
  0.32300001534167677     
  0.32350001536542550     
  0.32400001538917422     
  0.32450001541292295     
  0.32500001543667167     
  0.32550001546042040     
  0.32600001548416913     
  0.32650001550791785     
  0.32700001553166658     
  0.32750001555541530     
  0.32800001557916403     
  0.32850001560291275     
  0.32900001562666148     
  0.32950001565041021     
  0.33000001567415893     
  0.33050001569790766     
  0.33100001572165638     
  0.33150001574540511     
  0.33200001576915383     
  0.33250001579290256     
  0.33300001581665128     
  0.33350001584040001     
  0.33400001586414874     
  0.33450001588789746     
  0.33500001591164619     
  0.33550001593539491     
  0.33600001595914364     
  0.33650001598289236     
  0.33700001600664109     
  0.33750001603038982     
  0.33800001605413854     
  0.33850001607788727     
  0.33900001610163599     
  0.33950001612538472     
  0.34000001614913344     
  0.34050001617288217     
  0.34100001619663090     
  0.34150001622037962     
  0.34200001624412835     
  0.34250001626787707     
  0.34300001629162580     
  0.34350001631537452     
  0.34400001633912325     
  0.34450001636287197     
  0.34500001638662070     
  0.34550001641036943     
  0.34600001643411815     
  0.34650001645786688     
  0.34700001648161560     
  0.34750001650536433     
  0.34800001652911305     
  0.34850001655286178     
  0.34900001657661051     
  0.34950001660035923     
  0.35000001662410796     
  0.35050001664785668     
  0.35100001667160541     
  0.35150001669535413     
  0.35200001671910286     
  0.35250001674285159     
  0.35300001676660031     
  0.35350001679034904     
  0.35400001681409776     
  0.35450001683784649     
  0.35500001686159521     
  0.35550001688534394     
  0.35600001690909266     
  0.35650001693284139     
  0.35700001695659012     
  0.35750001698033884     
  0.35800001700408757     
  0.35850001702783629     
  0.35900001705158502     
  0.35950001707533374     
  0.36000001709908247     
  0.36050001712283120     
  0.36100001714657992     
  0.36150001717032865     
  0.36200001719407737     
  0.36250001721782610     
  0.36300001724157482     
  0.36350001726532355     
  0.36400001728907228     
  0.36450001731282100     
  0.36500001733656973     
  0.36550001736031845     
  0.36600001738406718     
  0.36650001740781590     
  0.36700001743156463     
  0.36750001745531335     
  0.36800001747906208     
  0.36850001750281081     
  0.36900001752655953     
  0.36950001755030826     
  0.37000001757405698     
  0.37050001759780571     
  0.37100001762155443     
  0.37150001764530316     
  0.37200001766905189     
  0.37250001769280061     
  0.37300001771654934     
  0.37350001774029806     
  0.37400001776404679     
  0.37450001778779551     
  0.37500001781154424     
  0.37550001783529297     
  0.37600001785904169     
  0.37650001788279042     
  0.37700001790653914     
  0.37750001793028787     
  0.37800001795403659     
  0.37850001797778532     
  0.37900001800153404     
  0.37950001802528277     
  0.38000001804903150     
  0.38050001807278022     
  0.38100001809652895     
  0.38150001812027767     
  0.38200001814402640     
  0.38250001816777512     
  0.38300001819152385     
  0.38350001821527258     
  0.38400001823902130     
  0.38450001826277003     
  0.38500001828651875     
  0.38550001831026748     
  0.38600001833401620     
  0.38650001835776493     
  0.38700001838151366     
  0.38750001840526238     
  0.38800001842901111     
  0.38850001845275983     
  0.38900001847650856     
  0.38950001850025728     
  0.39000001852400601     
  0.39050001854775473     
  0.39100001857150346     
  0.39150001859525219     
  0.39200001861900091     
  0.39250001864274964     
  0.39300001866649836     
  0.39350001869024709     
  0.39400001871399581     
  0.39450001873774454     
  0.39500001876149327     
  0.39550001878524199     
  0.39600001880899072     
  0.39650001883273944     
  0.39700001885648817     
  0.39750001888023689     
  0.39800001890398562     
  0.39850001892773435     
  0.39900001895148307     
  0.39950001897523180     
  0.40000001899898052     
  0.40050001902272925     
  0.40100001904647797     
  0.40150001907022670     
  0.40200001909397542     
  0.40250001911772415     
  0.40300001914147288     
  0.40350001916522160     
  0.40400001918897033     
  0.40450001921271905     
  0.40500001923646778     
  0.40550001926021650     
  0.40600001928396523     
  0.40650001930771396     
  0.40700001933146268     
  0.40750001935521141     
  0.40800001937896013     
  0.40850001940270886     
  0.40900001942645758     
  0.40950001945020631     
  0.41000001947395504     
  0.41050001949770376     
  0.41100001952145249     
  0.41150001954520121     
  0.41200001956894994     
  0.41250001959269866     
  0.41300001961644739     
  0.41350001964019611     
  0.41400001966394484     
  0.41450001968769357     
  0.41500001971144229     
  0.41550001973519102     
  0.41600001975893974     
  0.41650001978268847     
  0.41700001980643719     
  0.41750001983018592     
  0.41800001985393465     
  0.41850001987768337     
  0.41900001990143210     
  0.41950001992518082     
  0.42000001994892955     
  0.42050001997267827     
  0.42100001999642700     
  0.42150002002017573     
  0.42200002004392445     
  0.42250002006767318     
  0.42300002009142190     
  0.42350002011517063     
  0.42400002013891935     
  0.42450002016266808     
  0.42500002018641680     
  0.42550002021016553     
  0.42600002023391426     
  0.42650002025766298     
  0.42700002028141171     
  0.42750002030516043     
  0.42800002032890916     
  0.42850002035265788     
  0.42900002037640661     
  0.42950002040015534     
  0.43000002042390406     
  0.43050002044765279     
  0.43100002047140151     
  0.43150002049515024     
  0.43200002051889896     
  0.43250002054264769     
  0.43300002056639642     
  0.43350002059014514     
  0.43400002061389387     
  0.43450002063764259     
  0.43500002066139132     
  0.43550002068514004     
  0.43600002070888877     
  0.43650002073263749     
  0.43700002075638622     
  0.43750002078013495     
  0.43800002080388367     
  0.43850002082763240     
  0.43900002085138112     
  0.43950002087512985     
  0.44000002089887857     
  0.44050002092262730     
  0.44100002094637603     
  0.44150002097012475     
  0.44200002099387348     
  0.44250002101762220     
  0.44300002104137093     
  0.44350002106511965     
  0.44400002108886838     
  0.44450002111261711     
  0.44500002113636583     
  0.44550002116011456     
  0.44600002118386328     
  0.44650002120761201     
  0.44700002123136073     
  0.44750002125510946     
  0.44800002127885818     
  0.44850002130260691     
  0.44900002132635564     
  0.44950002135010436     
  0.45000002137385309     
  0.45050002139760181     
  0.45100002142135054     
  0.45150002144509926     
  0.45200002146884799     
  0.45250002149259672     
  0.45300002151634544     
  0.45350002154009417     
  0.45400002156384289     
  0.45450002158759162     
  0.45500002161134034     
  0.45550002163508907     
  0.45600002165883780     
  0.45650002168258652     
  0.45700002170633525     
  0.45750002173008397     
  0.45800002175383270     
  0.45850002177758142     
  0.45900002180133015     
  0.45950002182507887     
  0.46000002184882760     
  0.46050002187257633     
  0.46100002189632505     
  0.46150002192007378     
  0.46200002194382250     
  0.46250002196757123     
  0.46300002199131995     
  0.46350002201506868     
  0.46400002203881741     
  0.46450002206256613     
  0.46500002208631486     
  0.46550002211006358     
  0.46600002213381231     
  0.46650002215756103     
  0.46700002218130976     
  0.46750002220505849     
  0.46800002222880721     
  0.46850002225255594     
  0.46900002227630466     
  0.46950002230005339     
  0.47000002232380211     
  0.47050002234755084     
  0.47100002237129956     
  0.47150002239504829     
  0.47200002241879702     
  0.47250002244254574     
  0.47300002246629447     
  0.47350002249004319     
  0.47400002251379192     
  0.47450002253754064     
  0.47500002256128937     
  0.47550002258503810     
  0.47600002260878682     
  0.47650002263253555     
  0.47700002265628427     
  0.47750002268003300     
  0.47800002270378172     
  0.47850002272753045     
  0.47900002275127918     
  0.47950002277502790     
  0.48000002279877663     
  0.48050002282252535     
  0.48100002284627408     
  0.48150002287002280     
  0.48200002289377153     
  0.48250002291752025     
  0.48300002294126898     
  0.48350002296501771     
  0.48400002298876643     
  0.48450002301251516     
  0.48500002303626388     
  0.48550002306001261     
  0.48600002308376133     
  0.48650002310751006     
  0.48700002313125879     
  0.48750002315500751     
  0.48800002317875624     
  0.48850002320250496     
  0.48900002322625369     
  0.48950002325000241     
  0.49000002327375114     
  0.49050002329749987     
  0.49100002332124859     
  0.49150002334499732     
  0.49200002336874604     
  0.49250002339249477     
  0.49300002341624349     
  0.49350002343999222     
  0.49400002346374094     
  0.49450002348748967     
  0.49500002351123840     
  0.49550002353498712     
  0.49600002355873585     
  0.49650002358248457     
  0.49700002360623330     
  0.49750002362998202     
  0.49800002365373075     
  0.49850002367747948     
  0.49900002370122820     
  0.49950002372497693     
