   0.0000000000000000        0.0000000000000000     
   1.0000000474974513E-003  -2.6978913985221555     
   2.0229944486641642E-003  -5.4517928932475197     
   3.1482883143376349E-003  -8.4740452633525525     
   4.3861115934075495E-003  -11.790005341061702     
   5.7477172298964624E-003  -15.427255207405835     
   7.2454834624974748E-003  -19.415759525816696     
   8.8930263540681169E-003  -23.788024918944036     
   1.0705323574076308E-002  -28.579258718138142     
   1.2698850559293852E-002  -33.827523544310971     
   1.4891730290562536E-002  -39.573883094361719     
   1.7303898047240415E-002  -45.862533161076179     
   1.9957282637096643E-002  -52.740910248089087     
   2.2876005749200113E-002  -60.259768084324392     
   2.6086601242101711E-002  -68.473209808360323     
   2.9618256360840031E-002  -77.438660478210025     
   3.3503077075653399E-002  -87.216760739885515     
   3.7776379954569450E-002  -97.871157806248590     
   4.2477013223260585E-002  -109.46816417189896     
   4.7647709930892665E-002  -122.07624749846072     
   5.3335476432566968E-002  -135.76530658138222     
   5.9592019720015627E-002  -150.60567793578659     
   6.6474217485376769E-002  -166.66680493567458     
   7.4044635191358399E-002  -184.01548615823111     
   8.2372094848431027E-002  -202.71360109255170     
   9.1532300669753014E-002  -222.81518904548147     
  0.10160852729160354       -244.36273018028720     
  0.11269237681587507       -267.38244527726363     
  0.12488461155683332       -291.87839192480254     
  0.13829607006257294       -317.82508801688806     
  0.15304867473864059       -345.15833663114262     
  0.16927654023404451       -373.76385644736325     
  0.18712719266589128       -403.46323358543111     
  0.20676291076651546       -433.99659502302256     
  0.22836220114535405       -465.00124510296752     
  0.25212142107704372       -495.98528003626518     
  0.27825656356836631       -526.29486521538240     
  0.30700522093193150       -555.07339107704411     
  0.33862874471727461       -581.21013105451698     
  0.37341462163511563       -603.27555390010241     
  0.41167908707410067       -619.44109539577039     
  0.45376999996928014       -627.38611403243351     
  0.50000000000000000       -624.21144941369380     
  0.54623000003071986       -608.65621064609161     
  0.58832091292589928       -584.07293021900477     
  0.62658537836488437       -553.56354045654598     
  0.66137125528272533       -519.62241564002397     
  0.69299477906806850       -484.14684916320232     
  0.72174343643163374       -448.49786267115849     
  0.74787857892295628       -413.59954588838605     
  0.77163779885464590       -380.04569280069558     
  0.79323708923348457       -348.19271168510693     
  0.81287280733410872       -318.23193380535588     
  0.83072345976595552       -290.24252087465158     
  0.84695132526135941       -264.22891576187470     
  0.86170392993742706       -240.14689954855234     
  0.87511538844316672       -217.92156239320960     
  0.88730762318412493       -197.45963591218518     
  0.89839147270839648       -178.65792059814785     
  0.90846769933024696       -161.40901180369036     
  0.91762790515156900       -145.60515374825593     
  0.92595536480864160       -131.14079290868611     
  0.93352578251462326       -117.91422561701985     
  0.94040798027998440       -105.82861407096098     
  0.94666452356743302       -94.792562287988474     
  0.95235229006910738       -84.720386552929455     
  0.95752298677673942       -75.532175370919916     
  0.96222362004543061       -67.153706304893106     
  0.96649692292434664       -59.516267624647348     
  0.97038174363915997       -52.556418906568197     
  0.97391339875789829       -46.215714887730314     
  0.97712399425079988       -40.440409822758461     
  0.98004271736290338       -35.181154506673856     
  0.98269610195275958       -30.392694448211493     
  0.98510826970943743       -26.033575010098755     
  0.98730114944070613       -22.065857395670310     
  0.98929467642592372       -18.454847955501801     
  0.99110697364593192       -15.168842270301186     
  0.99275451653750257       -12.178884733630639     
  0.99425228277010358       -9.4585438348940372     
  0.99561388840659248       -6.9837029743727497     
  0.99685171168566233       -4.7323663874507114     
  0.99797700555133584       -2.6844795846375757     
  0.99899999995250255      -0.82176360539647697     
   1.0000000000000000        1.0000000000000000     
