                 -Infinity   0.0000000000000000     
  -8.9202967036757848       -1.7430116268862017E-004
  -8.2203281808231825       -3.5270469203308748E-004
  -7.7831689358806049       -5.4907413509280390E-004
  -7.4572789405452342       -7.6525308874945031E-004
  -7.1932586848517657       -1.0032873961109531E-003
  -6.9687506291234564       -1.2654524252489422E-003
  -6.7717528942880580       -1.5542860170470619E-003
  -6.5951059922975892       -1.8726289930252437E-003
  -6.4342286127647315       -2.2236759600242546E-003
  -6.2860472653091719       -2.6110404452851102E-003
  -6.1484382867361491       -3.0388404200677095E-003
  -6.0199162738010665       -3.5118134969685708E-003
  -5.8994524485804805       -4.0354763494873493E-003
  -5.7863676148167178       -4.6163517135699309E-003
  -5.6802722608434699       -5.2623015255796289E-003
  -5.5810406671057766       -5.9830318647922940E-003
  -5.4888146394618467       -6.7908857102316226E-003
  -5.4040398104334448       -7.7021374562504415E-003
  -5.3275466190770153       -8.7392045392750851E-003
  -5.2607040170904451       -9.9346345378622386E-003
  -5.2057077610763178       -1.1338784860535021E-002
  -5.1661476966524242       -1.3035923279807968E-002
  -5.1482306052754154       -1.5182050439300016E-002
  -5.1638181611949658       -1.8109443266936368E-002
  -5.2398959219024270       -2.2700128224211524E-002
  -5.4638410768323462       -3.2571865707894089E-002
  -7.2827204738861129      -0.22679460874541482     
  -5.1899112934045748       -3.0986140118285915E-002
  -4.7218531636621934       -2.0951279268503115E-002
  -4.3946334194347507       -1.5736297549381703E-002
  -4.1256856079866866       -1.1870167510772994E-002
  -3.8888235550792567       -8.4333299753069739E-003
  -3.6723033541827719       -5.0329003121561116E-003
  -3.4698255653535304       -1.4429261775909723E-003
  -3.2776103800050524        2.4995905116995142E-003
  -3.0932072355672489        6.9341148467033402E-003
  -2.9149343866465309        1.1994824991769057E-002
  -2.7415863168247787        1.7820713392341384E-002
  -2.5722686364773373        2.4562261728344605E-002
  -2.4062990763928993        3.2386657870436791E-002
  -2.2431451339796413        4.1482482089369034E-002
  -2.0853753523450989        5.2213063850310118E-002
  -1.9451183171423367        6.3702565215436116E-002
  -1.8280225967216668        7.4676903197551756E-002
  -1.7289957614130225        8.5074154157467635E-002
  -1.6443341850176656        9.4862223287433614E-002
  -1.5713205914784769       0.10403017451590062     
  -1.5079030386195409       0.11258198887737682     
  -1.4524949075803397       0.12053203038619996     
  -1.4038449297522895       0.12790172789188556     
  -1.3609497114227371       0.13471713520501713     
  -1.3229930844300333       0.14100713376210397     
  -1.2893029684900654       0.14680211044284866     
  -1.2593200002768821       0.15213298976097470     
  -1.2325742706681195       0.15703053203416553     
  -1.2086677742243848       0.16152483204790358     
  -1.1872609627723256       0.16564496920217806     
  -1.1680622998832670       0.16941877215089868     
  -1.1508200444915679       0.17287266982784841     
  -1.1353157141892878       0.17603160739174106     
  -1.1213588307237272       0.17891901063105678     
  -1.1087826559792799       0.18155678617768267     
  -1.0974407014918282       0.18396534779416324     
  -1.0872038481765787       0.18616366124392519     
  -1.0779579519413724       0.18816930198965223     
  -1.0696018395548041       0.18999852131192352     
  -1.0620456205010615       0.19166631748801874     
  -1.0552092566252127       0.19318650948730975     
  -1.0490213435826983       0.19457181127630047     
  -1.0434180674685927       0.19583390532272807     
  -1.0383423072415845       0.19698351427460464     
  -1.0337428592014906       0.19803047009043004     
  -1.0295737642115561       0.19898378012925008     
  -1.0257937218634716       0.19985168988839783     
  -1.0223655785765411       0.20064174221403233     
  -1.0192558788597972       0.20136083291341272     
  -1.0164344707718427       0.20201526277601720     
  -1.0138741580772932       0.20261078606816263     
  -1.0115503927927114       0.20315265560728188     
  -1.0094410027936369       0.20364566455094338     
  -1.0075259499627773       0.20409418505530144     
  -1.0057871150259416       0.20450220396908267     
  -1.0041882422770372       0.20486928627347797     
  -1.0031877418959085       0.20534344051418429     
