  -1.00000000      -8.74227766E-08
 -0.958999753      0.283406883    
 -0.839361072      0.543574333    
 -0.650894344      0.759168446    
 -0.409053862      0.912510395    
 -0.147926331       1.02821922    
  0.114187241       1.14167976    
  0.377266884       1.25288010    
  0.641293526       1.36181259    
  0.906247139       1.46846962    
   1.17210865       1.57284355    
   1.43885803       1.67492676    
   1.70647526       1.77471161    
   1.97494125       1.87219048    
   2.24423599       1.96735764    
   2.51433945       2.06020546    
   2.78523159       2.15072632    
   3.05689240       2.23891258    
   3.32930183       2.32475853    
   3.60243893       2.40826035    
   3.87628460       2.48940849    
   4.15081882       2.56819725    
   4.42601967       2.64462280    
   4.70186806       2.71867752    
   4.97834396       2.79035568    
   5.25542545       2.85965347    
   5.53309298       2.92656326    
   5.81132555       2.99108124    
   6.09010267       3.05320740    
   6.36940432       3.11293030    
   6.64920902       3.17024994    
   6.92949629       3.22516251    
   7.21024609       3.27766418    
   7.49143696       3.32774353    
   7.77304792       3.37540436    
   8.05505848       3.42063904    
   8.33744812       3.46344757    
   8.62019444       3.50382614    
   8.90327835       3.54177094    
   9.18667793       3.57727814    
   9.47037315       3.61034775    
   9.75434208       3.64097595    
   10.0385637       3.66916275    
   10.3230181       3.69490051    
   10.6076822       3.71818924    
   10.8882313       3.73831367    
   11.1690006       3.75514603    
   11.4499464       3.76871109    
   11.7310305       3.77900696    
   12.0122156       3.78602982    
   12.2934637       3.78978157    
   12.5747366       3.79026031    
   12.8559961       3.78746605    
   13.1372032       3.78140068    
   13.4183216       3.77206230    
   13.6993113       3.75945282    
   13.9801359       3.74357605    
   14.2607574       3.72443199    
   14.5411358       3.70202446    
   14.8212357       3.67635727    
   15.1010170       3.64743233    
   15.3804436       3.61525536    
   15.6594763       3.57982826    
   15.9380779       3.54115677    
   16.2162113       3.49924660    
   16.4938374       3.45410347    
   16.7709198       3.40573311    
   17.0474205       3.35414124    
   17.3233032       3.29933548    
   17.5985298       3.24132347    
   17.8730621       3.18011284    
   18.1468620       3.11571312    
   18.4198971       3.04813194    
   18.6921253       2.97737885    
   18.9635124       2.90346336    
   19.2340202       2.82639503    
   19.5036144       2.74618530    
   19.7722549       2.66284370    
   20.0399094       2.57638168    
   20.3065414       2.48681068    
   20.5721092       2.39414406    
   20.8365841       2.29839325    
   21.0999260       2.19957352    
   21.3620987       2.09769440    
   21.6230698       1.99277306    
   21.8828049       1.88482285    
   22.1412621       1.77385521    
   22.3984146       1.65988922    
   22.6542206       1.54293823    
   22.9086475       1.42302132    
   23.1616631       1.30015182    
   23.4132309       1.17434502    
   23.6633205       1.04562187    
   23.9118958      0.913995743    
   24.1589203      0.779487610    
   24.4043636      0.642114639    
   24.6481934      0.501893997    
   24.8903732      0.358846664    
   25.1308746      0.212991714    
   25.2500000       7.45058060E-09
   25.2500000       3.72529030E-08
   25.1279526     -0.214775160    
   24.8809700     -0.219848633    
   24.6296959      -8.58020782E-02
   24.3767891       4.51374054E-02
   24.1222858      0.172950745    
   23.8662300      0.297618866    
   23.6086540      0.419124603    
   23.3496037      0.537446976    
   23.0891151      0.652568817    
   22.8272266      0.764472961    
   22.5639801      0.873142242    
   22.2994156      0.978559494    
   22.0335693       1.08070946    
   21.7664890       1.17957687    
   21.4982090       1.27514648    
   21.2287712       1.36740494    
   20.9582176       1.45633507    
   20.6865902       1.54192734    
   20.4139290       1.62416649    
   20.1402740       1.70303917    
   19.8656693       1.77853394    
   19.5901527       1.85064125    
   19.3137703       1.91934967    
   19.0365639       1.98464584    
   18.7585716       2.04652214    
   18.4798393       2.10496902    
   18.2004089       2.15997696    
   17.9203205       2.21153831    
   17.6396198       2.25964546    
   17.3583469       2.30429077    
   17.0765457       2.34546852    
   16.7942581       2.38317108    
   16.5115261       2.41739273    
   16.2283955       2.44812965    
   15.9449081       2.47537613    
   15.6611061       2.49912834    
   15.3770332       2.51938248    
   15.0927324       2.53613281    
   14.8082466       2.54938126    
   14.5236187       2.55912209    
   14.2388926       2.56535530    
   13.9541121       2.56808281    
   13.6693192       2.56730080    
   13.3845568       2.56300926    
   13.0998697       2.55521011    
   12.8153000       2.54390526    
   12.5308914       2.52909470    
   12.2466869       2.51078033    
   11.9627295       2.48896599    
   11.6790619       2.46365547    
   11.3957281       2.43485260    
   11.1127710       2.40256119    
   10.8302383       2.36678123    
   10.5527287       2.32865906    
   10.2755651       2.28809166    
   9.99877071       2.24507904    
   9.72236633       2.19962692    
   9.44637394       2.15173721    
   9.17081451       2.10141563    
   8.89570999       2.04866409    
   8.62108135       1.99348831    
   8.34695053       1.93589020    
   8.07333851       1.87587547    
   7.80026627       1.81344986    
   7.52775574       1.74861908    
   7.25582743       1.68138504    
   6.98450279       1.61175537    
   6.71380329       1.53973389    
   6.44374943       1.46532822    
   6.17436218       1.38854218    
   5.90566349       1.30938339    
   5.63767338       1.22785568    
   5.37041283       1.14396667    
   5.10390377       1.05772400    
   4.83816528      0.969133377    
   4.57321835      0.878202438    
   4.30908394      0.784936905    
   4.04578209      0.689344406    
   3.78333473      0.591432571    
   3.52176094      0.491209030    
   3.26108170      0.388683319    
   3.00131702      0.283861160    
   2.74248695      0.176752090    
   2.48461246       6.73618317E-02
   2.22771263      -4.42981720E-02
   1.97180843     -0.158220291    
   1.71691895     -0.274396896    
   1.46306419     -0.392816544    
   1.21026421     -0.513471603    
  0.958538055     -0.636352539    
  0.707906723     -0.761449814    
  0.458388388     -0.888752222    
  0.182723224     -0.983164549    
 -0.108456016     -0.994101405    
 -0.390426815     -0.920634091    
 -0.639248371     -0.769000411    
 -0.833794594     -0.552074790    
 -0.957547545     -0.288275361    
  -1.00000000       8.74227766E-08
