     Created from separation_var program

         Parameter: 

 Bi =          1.0
 Fo =          1.0

   Coordinate step:   41
         Time step:   35

 ------------------------------
                      0.000      0.025      0.050      0.075      0.100      0.125      0.150      0.175      0.200      0.225      0.250      0.275      0.300      0.325      0.350      0.375      0.400      0.425      0.450      0.475      0.500      0.525      0.550      0.575      0.600      0.625      0.650      0.675      0.700      0.725      0.750      0.775      0.800      0.825      0.850      0.875      0.900      0.925      0.950      0.975      1.000

    1     0.0286 |   0.9989240  0.9989349  0.9989670  0.9990182  0.9990856  0.9997488  0.9994740  0.9991884  0.9989076  0.9986465  0.9984182  0.9982332  0.9980979  0.9980137  0.9979761  0.9994036  0.9992209  0.9989564  1.0114570  1.0116853  0.9974261  0.9965551  0.9954265  0.9939806  0.9921489  0.9913435  0.9885777  0.9850813  0.9807560  0.9755041  0.9692304  0.9618444  0.9532614  0.9434046  0.9325860  0.9203406  0.9066125  0.8913535  0.8745329  0.8561389  0.8361793
    2     0.0571 |   0.9990005  0.9989836  0.9989323  0.9988449  0.9987187  0.9985494  0.9983315  0.9980578  0.9977194  0.9973053  0.9968023  0.9961948  0.9954647  0.9945910  0.9935497  0.9923137  0.9908532  0.9930578  0.9912659  0.9890341  0.9820572  0.9789183  0.9753144  0.9711977  0.9665193  0.9612297  0.9552793  0.9486194  0.9412022  0.9329823  0.9239166  0.9139657  0.9030938  0.8912702  0.8784689  0.8646702  0.8498601  0.8340315  0.8171838  0.7993238  0.7804651
    3     0.0857 |   0.9958667  0.9958121  0.9956472  0.9953693  0.9949736  0.9944535  0.9938005  0.9930042  0.9920522  0.9909306  0.9896232  0.9881122  0.9863782  0.9843996  0.9821538  0.9796160  0.9767606  0.9747626  0.9712567  0.9673156  0.9629084  0.9567314  0.9513668  0.9454779  0.9390345  0.9320068  0.9243660  0.9160845  0.9071363  0.8974973  0.8871455  0.8760616  0.8642289  0.8516338  0.8382660  0.8241187  0.8091888  0.7934769  0.7769876  0.7597295  0.7417151
    4     0.1143 |   0.9889485  0.9888527  0.9885642  0.9880806  0.9873979  0.9865103  0.9854105  0.9840897  0.9825375  0.9807423  0.9786909  0.9763689  0.9737607  0.9708495  0.9676178  0.9640470  0.9604561  0.9561787  0.9514933  0.9463786  0.9408136  0.9347776  0.9278803  0.9208721  0.9133433  0.9052754  0.8966507  0.8874527  0.8776662  0.8672777  0.8562753  0.8446489  0.8323904  0.8194939  0.8059558  0.7917747  0.7769516  0.7614903  0.7453966  0.7286793  0.7113496
    5     0.1429 |   0.9786070  0.9784781  0.9780910  0.9774437  0.9765331  0.9753551  0.9739043  0.9721740  0.9701568  0.9678439  0.9652259  0.9622922  0.9590318  0.9554325  0.9514820  0.9472587  0.9425779  0.9375027  0.9320191  0.9261129  0.9197701  0.9129770  0.9057204  0.8978830  0.8896733  0.8809662  0.8717510  0.8620177  0.8517577  0.8409633  0.8296282  0.8177475  0.8053177  0.7923370  0.7788049  0.7647229  0.7500938  0.7349226  0.7192157  0.7029814  0.6862297
    6     0.1714 |   0.9656800  0.9655274  0.9650692  0.9643041  0.9632299  0.9618439  0.9601420  0.9581200  0.9557724  0.9530934  0.9500765  0.9467143  0.9429994  0.9389424  0.9345022  0.9296833  0.9244765  0.9188728  0.9128627  0.9064373  0.8995875  0.8923045  0.8845800  0.8764060  0.8677467  0.8586563  0.8490966  0.8390622  0.8285483  0.8175512  0.8060680  0.7940971  0.7816376  0.7686901  0.7552563  0.7413388  0.7269419  0.7120709  0.6967322  0.6809339  0.6646849
    7     0.2000 |   0.9509425  0.9507738  0.9502672  0.9494221  0.9482369  0.9467097  0.9448380  0.9426189  0.9400489  0.9371241  0.9338402  0.9301949  0.9261803  0.9217917  0.9170236  0.9118703  0.9063262  0.9003854  0.8940424  0.8872914  0.8801271  0.8725442  0.8645379  0.8561035  0.8472369  0.8379346  0.8281875  0.8180065  0.8073823  0.7963137  0.7848003  0.7728424  0.7604410  0.7475983  0.7343170  0.7206009  0.7064548  0.6918841  0.6768956  0.6614965  0.6456954
    8     0.2286 |   0.9350013  0.9348221  0.9342843  0.9333874  0.9321306  0.9305125  0.9285297  0.9261848  0.9234732  0.9203926  0.9169401  0.9131131  0.9089084  0.9043229  0.8993534  0.8939965  0.8882490  0.8821075  0.8755688  0.8686299  0.8612878  0.8535398  0.8453835  0.8368168  0.8278378  0.8184451  0.8086379  0.7984155  0.7877781  0.7767260  0.7652612  0.7533849  0.7410992  0.7284073  0.7153128  0.7018201  0.6879342  0.6736609  0.6590066  0.6439785  0.6285846
    9     0.2571 |   0.9183032  0.9181177  0.9175612  0.9166333  0.9153335  0.9136612  0.9116155  0.9091953  0.9063994  0.9032265  0.8996752  0.8957439  0.8914310  0.8867348  0.8816537  0.8761860  0.8703300  0.8640843  0.8574474  0.8504180  0.8429949  0.8351772  0.8269642  0.8183555  0.8093510  0.7999507  0.7901553  0.7799657  0.7693833  0.7584097  0.7470473  0.7352987  0.7231672  0.7106563  0.6977712  0.6845151  0.6708940  0.6569136  0.6425804  0.6279011  0.6128833
   10     0.2857 |   0.9011744  0.9009856  0.9004192  0.8994749  0.8981526  0.8964519  0.8943725  0.8919139  0.8890755  0.8858569  0.8822574  0.8782764  0.8739132  0.8691673  0.8640382  0.8585252  0.8526281  0.8463464  0.8396800  0.8326288  0.8251930  0.8173728  0.8091688  0.8005817  0.7916125  0.7822626  0.7725336  0.7624273  0.7519460  0.7410923  0.7298692  0.7182801  0.7063287  0.6940191  0.6813559  0.6683441  0.6549891  0.6412967  0.6272731  0.6129251  0.5982597
   11     0.3143 |   0.8838431  0.8836531  0.8830830  0.8821328  0.8808026  0.8790921  0.8770015  0.8745305  0.8716793  0.8684477  0.8648357  0.8608434  0.8564710  0.8517184  0.8465860  0.8410740  0.8351829  0.8289133  0.8222657  0.8152410  0.8078403  0.8000647  0.7919155  0.7833944  0.7745032  0.7652439  0.7556189  0.7456308  0.7352824  0.7245770  0.7135179  0.7021091  0.6903546  0.6782588  0.6658266  0.6530630  0.6399735  0.6265639  0.6128403  0.5988091  0.5844773
   12     0.3429 |   0.8664726  0.8662828  0.8657136  0.8647649  0.8634370  0.8617298  0.8596436  0.8571787  0.8543353  0.8511137  0.8475145  0.8435380  0.8391849  0.8344557  0.8293514  0.8238728  0.8180209  0.8117968  0.8052017  0.7982373  0.7909050  0.7832066  0.7751441  0.7667197  0.7579357  0.7487947  0.7392996  0.7294534  0.7192594  0.7087211  0.6978424  0.6866274  0.6750804  0.6632060  0.6510091  0.6384949  0.6256688  0.6125367  0.5991044  0.5853782  0.5713648
   13     0.3714 |   0.8491775  0.8489890  0.8484238  0.8474818  0.8461633  0.8444685  0.8423979  0.8399517  0.8371307  0.8339352  0.8303662  0.8264243  0.8221105  0.8174258  0.8123714  0.8069486  0.8011587  0.7950033  0.7884842  0.7816031  0.7743621  0.7667634  0.7588094  0.7505026  0.7418457  0.7328417  0.7234937  0.7138052  0.7037797  0.6934209  0.6827330  0.6717201  0.6603867  0.6487377  0.6367778  0.6245124  0.6119467  0.5990866  0.5859378  0.5725066  0.5587992
   14     0.4000 |   0.8320376  0.8318512  0.8312921  0.8303604  0.8290563  0.8273803  0.8253327  0.8229142  0.8201255  0.8169673  0.8134405  0.8095462  0.8052855  0.8006597  0.7956702  0.7903185  0.7846064  0.7785356  0.7721082  0.7653263  0.7581922  0.7507083  0.7428773  0.7347020  0.7261854  0.7173306  0.7081411  0.6986204  0.6887722  0.6786004  0.6681093  0.6573032  0.6461866  0.6347643  0.6230413  0.6110227  0.5987138  0.5861203  0.5732480  0.5601028  0.5466908
   15     0.4286 |   0.8151080  0.8149241  0.8143726  0.8134535  0.8121673  0.8105143  0.8084951  0.8061103  0.8033607  0.8002473  0.7967710  0.7929331  0.7887348  0.7841776  0.7792631  0.7739930  0.7683691  0.7623935  0.7560684  0.7493961  0.7423790  0.7350198  0.7273214  0.7192866  0.7109187  0.7022209  0.6931967  0.6838498  0.6741842  0.6642036  0.6539125  0.6433152  0.6324162  0.6212204  0.6097326  0.5979580  0.5859018  0.5735696  0.5609671  0.5481000  0.5349744
   16     0.4571 |   0.7984258  0.7982448  0.7977019  0.7967972  0.7955311  0.7939040  0.7919165  0.7895695  0.7868636  0.7837999  0.7803796  0.7766039  0.7724741  0.7679920  0.7631591  0.7579773  0.7524485  0.7465750  0.7403590  0.7338029  0.7269094  0.7196811  0.7121211  0.7042323  0.6960180  0.6874816  0.6786267  0.6694570  0.6599763  0.6501888  0.6400987  0.6297103  0.6190282  0.6080573  0.5968022  0.5852682  0.5734604  0.5613843  0.5490453  0.5364492  0.5236017
   17     0.4857 |   0.7820157  0.7818378  0.7813041  0.7804148  0.7791703  0.7775710  0.7756176  0.7733108  0.7706515  0.7676409  0.7642800  0.7605702  0.7565129  0.7521099  0.7473627  0.7422735  0.7368441  0.7310768  0.7249740  0.7185382  0.7117719  0.7046782  0.6972598  0.6895199  0.6814619  0.6730891  0.6644051  0.6554137  0.6461188  0.6365244  0.6266347  0.6164542  0.6059873  0.5952388  0.5842134  0.5729162  0.5613523  0.5495269  0.5374455  0.5251137  0.5125372
   18     0.5143 |   0.7658934  0.7657186  0.7651945  0.7643213  0.7630992  0.7615289  0.7596109  0.7573460  0.7547352  0.7517794  0.7484801  0.7448384  0.7408559  0.7365343  0.7318754  0.7268810  0.7215534  0.7158946  0.7099072  0.7035937  0.6969567  0.6899991  0.6827239  0.6751342  0.6672333  0.6590246  0.6505118  0.6416985  0.6325887  0.6231863  0.6134956  0.6035209  0.5932667  0.5827376  0.5719383  0.5608738  0.5495491  0.5379694  0.5261400  0.5140663  0.5017540
   19     0.5429 |   0.7500679  0.7498965  0.7493823  0.7485254  0.7473263  0.7457856  0.7439037  0.7416815  0.7391201  0.7362203  0.7329836  0.7294112  0.7255047  0.7212657  0.7166961  0.7117978  0.7065729  0.7010237  0.6951526  0.6889621  0.6824549  0.6756339  0.6685020  0.6610624  0.6533183  0.6452731  0.6369306  0.6282942  0.6193679  0.6101557  0.6006618  0.5908903  0.5808457  0.5705326  0.5599556  0.5491196  0.5380294  0.5266903  0.5151074  0.5032860  0.4912316
   20     0.5714 |   0.7345442  0.7343761  0.7338718  0.7330315  0.7318556  0.7303446  0.7284992  0.7263202  0.7238084  0.7209651  0.7177913  0.7142886  0.7104584  0.7063024  0.7018224  0.6970204  0.6918984  0.6864588  0.6807038  0.6746362  0.6682584  0.6615734  0.6545841  0.6472936  0.6397052  0.6318223  0.6236483  0.6151870  0.6064421  0.5974177  0.5881177  0.5785463  0.5687080  0.5586073  0.5482486  0.5376367  0.5267765  0.5156730  0.5043313  0.4927565  0.4809541
   21     0.6000 |   0.7193236  0.7191588  0.7186644  0.7178407  0.7166881  0.7152069  0.7133980  0.7112620  0.7088000  0.7060129  0.7029021  0.6994689  0.6957148  0.6916415  0.6872508  0.6825446  0.6775251  0.6721944  0.6665549  0.6606091  0.6543598  0.6478096  0.6409616  0.6338187  0.6263843  0.6186616  0.6106541  0.6023655  0.5937994  0.5849598  0.5758507  0.5664763  0.5568407  0.5469484  0.5368039  0.5264119  0.5157770  0.5049043  0.4937986  0.4824651  0.4709091
   22     0.6286 |   0.7044055  0.7042440  0.7037595  0.7029523  0.7018227  0.7003712  0.6985985  0.6965053  0.6940927  0.6913616  0.6883132  0.6849490  0.6812705  0.6772792  0.6729771  0.6683659  0.6634478  0.6582249  0.6526997  0.6468745  0.6407521  0.6343351  0.6276266  0.6206294  0.6133468  0.6057820  0.5979385  0.5898199  0.5814298  0.5727720  0.5638506  0.5546694  0.5452329  0.5355452  0.5256108  0.5154342  0.5050201  0.4943734  0.4834988  0.4724013  0.4610862
   23     0.6571 |   0.6897875  0.6896292  0.6891545  0.6883636  0.6872569  0.6858348  0.6840979  0.6820472  0.6796834  0.6770076  0.6740211  0.6707252  0.6671213  0.6632111  0.6589964  0.6544791  0.6496611  0.6445447  0.6391322  0.6334260  0.6274287  0.6211430  0.6145718  0.6077181  0.6005849  0.5931755  0.5854934  0.5775419  0.5693246  0.5608455  0.5521082  0.5431169  0.5338756  0.5243885  0.5146600  0.5046946  0.4944968  0.4840713  0.4734229  0.4625566  0.4514772
   24     0.6857 |   0.6754662  0.6753112  0.6748461  0.6740714  0.6729872  0.6715941  0.6698926  0.6678837  0.6655681  0.6629469  0.6600214  0.6567928  0.6532625  0.6494323  0.6453038  0.6408789  0.6361596  0.6311480  0.6258465  0.6202574  0.6143832  0.6082267  0.6017907  0.5950780  0.5880917  0.5808350  0.5733113  0.5655239  0.5574764  0.5491725  0.5406160  0.5318108  0.5227609  0.5134705  0.5039439  0.4941854  0.4841994  0.4739906  0.4635637  0.4529234  0.4420747
   25     0.7143 |   0.6614375  0.6612856  0.6608302  0.6600713  0.6590093  0.6576447  0.6559782  0.6540104  0.6517423  0.6491749  0.6463093  0.6431470  0.6396892  0.6359377  0.6318940  0.6275600  0.6229377  0.6180293  0.6128369  0.6073628  0.6016097  0.5955801  0.5892768  0.5827026  0.5758605  0.5687538  0.5613855  0.5537592  0.5458782  0.5377463  0.5293670  0.5207443  0.5118821  0.5027844  0.4934555  0.4838996  0.4741211  0.4641245  0.4539145  0.4434955  0.4328726
   26     0.7429 |   0.6476968  0.6475481  0.6471020  0.6463587  0.6453185  0.6439820  0.6423498  0.6404225  0.6382010  0.6356865  0.6328800  0.6297827  0.6263962  0.6227219  0.6187616  0.6145170  0.6099900  0.6051828  0.6000976  0.5947365  0.5891022  0.5831972  0.5770241  0.5705859  0.5638854  0.5569257  0.5497099  0.5422415  0.5345238  0.5265604  0.5183549  0.5099110  0.5012327  0.4923239  0.4831887  0.4738313  0.4642560  0.4544672  0.4444694  0.4342672  0.4238653
   27     0.7714 |   0.6342391  0.6340935  0.6336566  0.6329286  0.6319099  0.6306010  0.6290024  0.6271149  0.6249393  0.6224766  0.6197280  0.6166947  0.6133782  0.6097798  0.6059012  0.6017443  0.5973109  0.5926031  0.5876230  0.5823729  0.5768551  0.5710723  0.5650270  0.5587221  0.5521603  0.5453448  0.5382787  0.5309651  0.5234074  0.5156092  0.5075739  0.4993053  0.4908071  0.4820833  0.4731378  0.4639749  0.4545986  0.4450133  0.4352234  0.4252333  0.4150478
   28     0.8000 |   0.6210593  0.6209167  0.6204888  0.6197759  0.6187783  0.6174964  0.6159309  0.6140824  0.6119518  0.6095400  0.6068483  0.6038777  0.6006298  0.5971058  0.5933075  0.5892367  0.5848951  0.5802847  0.5754077  0.5702663  0.5648629  0.5591999  0.5532799  0.5471056  0.5406799  0.5340057  0.5270861  0.5199243  0.5125234  0.5048870  0.4970186  0.4889216  0.4805999  0.4720574  0.4632978  0.4543252  0.4451438  0.4357577  0.4261713  0.4163890  0.4064153
   29     0.8286 |   0.6081522  0.6080125  0.6075935  0.6068953  0.6059184  0.6046630  0.6031299  0.6013197  0.5992332  0.5968714  0.5942354  0.5913264  0.5881457  0.5846947  0.5809752  0.5769886  0.5727370  0.5682222  0.5634463  0.5584115  0.5531201  0.5475745  0.5417773  0.5357312  0.5294388  0.5229031  0.5161271  0.5091139  0.5018667  0.4943889  0.4866838  0.4787550  0.4706062  0.4622411  0.4536635  0.4448774  0.4358868  0.4266959  0.4173088  0.4077299  0.3979636
   30     0.8571 |   0.5955124  0.5953756  0.5949653  0.5942816  0.5933249  0.5920955  0.5905942  0.5888215  0.5867783  0.5844655  0.5818841  0.5790354  0.5759206  0.5725413  0.5688988  0.5649950  0.5608315  0.5564104  0.5517335  0.5468032  0.5416216  0.5361911  0.5305142  0.5245935  0.5184318  0.5120318  0.5053965  0.4985289  0.4914322  0.4841097  0.4765647  0.4688006  0.4608211  0.4526298  0.4442305  0.4356270  0.4268233  0.4178234  0.4086315  0.3992517  0.3896885
   31     0.8857 |   0.5831347  0.5830007  0.5825989  0.5819294  0.5809925  0.5797887  0.5783185  0.5765826  0.5745817  0.5723169  0.5697891  0.5669995  0.5639494  0.5606401  0.5570732  0.5532504  0.5491734  0.5448440  0.5402642  0.5354362  0.5303622  0.5250444  0.5194854  0.5136877  0.5076539  0.5013868  0.4948893  0.4881644  0.4812151  0.4740447  0.4666565  0.4590537  0.4512401  0.4432190  0.4349942  0.4265696  0.4179488  0.4091360  0.4001352  0.3909505  0.3815861
   32     0.9143 |   0.5710138  0.5708826  0.5704891  0.5698335  0.5689161  0.5677373  0.5662976  0.5645977  0.5626384  0.5604205  0.5579452  0.5552135  0.5522267  0.5489861  0.5454933  0.5417499  0.5377575  0.5335180  0.5290333  0.5243056  0.5193369  0.5141296  0.5086861  0.5030087  0.4971003  0.4909634  0.4846009  0.4780157  0.4712108  0.4641894  0.4569546  0.4495099  0.4418586  0.4340042  0.4259504  0.4177009  0.4092594  0.4006297  0.3918160  0.3828222  0.3736525
   33     0.9429 |   0.5591445  0.5590161  0.5586307  0.5579887  0.5570904  0.5559360  0.5545262  0.5528616  0.5509430  0.5487712  0.5463473  0.5436723  0.5407475  0.5375743  0.5341540  0.5304883  0.5265788  0.5224274  0.5180359  0.5134064  0.5085409  0.5034418  0.4981113  0.4925519  0.4867662  0.4807568  0.4745265  0.4680781  0.4614147  0.4545392  0.4474548  0.4401648  0.4326725  0.4249814  0.4170950  0.4090169  0.4007509  0.3923006  0.3836701  0.3748633  0.3658842
   34     0.9714 |   0.5475217  0.5473959  0.5470186  0.5463900  0.5455102  0.5443799  0.5429993  0.5413693  0.5394906  0.5373639  0.5349903  0.5323709  0.5295069  0.5263995  0.5230503  0.5194608  0.5156325  0.5115673  0.5072671  0.5027337  0.4979693  0.4929761  0.4877564  0.4823126  0.4766471  0.4707626  0.4646617  0.4583474  0.4518224  0.4450898  0.4381526  0.4310141  0.4236776  0.4161463  0.4084239  0.4005137  0.3924195  0.3841449  0.3756938  0.3670701  0.3582777
   35     1.0000 |   0.5361404  0.5360172  0.5356477  0.5350321  0.5341707  0.5330638  0.5317119  0.5301158  0.5282760  0.5261936  0.5238693  0.5213043  0.5184998  0.5154570  0.5121774  0.5086624  0.5049137  0.5009330  0.4967221  0.4922829  0.4876176  0.4827281  0.4776169  0.4722862  0.4667384  0.4609762  0.4550021  0.4488190  0.4424296  0.4358370  0.4290440  0.4220539  0.4148698  0.4074951  0.3999332  0.3921874  0.3842615  0.3761589  0.3678835  0.3594391  0.3508294
