           3   4.6707604485535903E-002
           6   1.6440639947487456E-002
          12   7.5333905467023232E-003
          24   3.5894951835826472E-003
          48   1.7509048992672138E-003
          96   8.6459308237452071E-004
         192   4.2964022868074991E-004
         384   2.1415903902699540E-004
         768   1.0691579171573373E-004
        1536   5.3417000309030627E-005
        3072   2.6698283961179570E-005
        6144   1.3346589893492578E-005
       12288   6.6726704959219063E-006
       24576   3.3359995303960943E-006
       49152   1.6677150265209661E-006
       98304   8.3447922216706161E-007
      196608   4.1307335307827486E-007
      393216   2.0324001548388537E-007
      786432   9.1106998167944653E-008
